8 0.047668 0.798340 0.057800 0.156250
8 0.098450 0.816406 0.065613 0.173462
8 0.153931 0.825684 0.085938 0.179688
8 0.291504 0.844727 0.123413 0.173462
8 0.403809 0.851562 0.098450 0.137451
8 0.682617 0.877441 0.137451 0.107788
8 0.506836 0.885742 0.170288 0.090637
8 0.407715 0.160889 0.168701 0.146851
8 0.071106 0.169556 0.060944 0.117188
8 0.021088 0.176514 0.042175 0.106262
8 0.919434 0.234375 0.148438 0.215576
8 0.809570 0.235962 0.159424 0.199951
8 0.696289 0.243774 0.123413 0.187500
8 0.350830 0.244507 0.092163 0.164062
8 0.260986 0.245361 0.081238 0.162476
8 0.579590 0.246826 0.109375 0.178101
8 0.496826 0.248413 0.075012 0.159424
8 0.186768 0.249268 0.085938 0.157837
8 0.438232 0.250000 0.079712 0.146851
8 0.208618 0.401611 0.082825 0.137451
8 0.284424 0.406982 0.068726 0.135986
8 0.352295 0.407715 0.076538 0.146851
8 0.428955 0.409424 0.082825 0.156250
8 0.519531 0.411621 0.107788 0.164062
8 0.691406 0.421143 0.132812 0.173462
8 0.592773 0.421143 0.089050 0.164062
8 0.793945 0.428223 0.112488 0.171875
8 0.907227 0.436768 0.160889 0.192139
8 0.116394 0.444580 0.076538 0.142212
8 0.059387 0.470215 0.065613 0.134399
8 0.150757 0.624023 0.082825 0.145264
8 0.046082 0.643555 0.073425 0.112488
8 0.239868 0.682617 0.089050 0.153076
8 0.321045 0.692383 0.089050 0.150024
8 0.599121 0.706055 0.145264 0.206299
8 0.414062 0.706055 0.109375 0.187500
8 0.506836 0.725098 0.120300 0.181274
8 0.729004 0.739746 0.160889 0.229736
8 0.856934 0.763184 0.173462 0.251465