8 0.401611 0.788086 0.265625 0.285889
8 0.162476 0.829102 0.240601 0.201538
8 0.885742 0.880371 0.037506 0.098450
8 0.831055 0.889160 0.090637 0.084351
8 0.047668 0.127319 0.095337 0.204712
8 0.049225 0.300781 0.095337 0.170288
8 0.915039 0.325684 0.129639 0.295410
8 0.460205 0.328125 0.217163 0.531250
8 0.789062 0.328857 0.143799 0.373535
8 0.647461 0.332764 0.160889 0.431152
8 0.220337 0.350098 0.315674 0.584473
8 0.039062 0.436768 0.078125 0.135986
8 0.035950 0.598633 0.071899 0.196899
8 0.883789 0.635742 0.051575 0.215576
8 0.795410 0.683594 0.140625 0.273438
8 0.681152 0.718750 0.103149 0.265625
8 0.575684 0.770508 0.148438 0.318848