8 0.610352 0.288330 0.292236 0.117188
8 0.794434 0.307129 0.229736 0.126587
8 0.300781 0.350830 0.260986 0.232788
8 0.118774 0.408691 0.159424 0.217163
8 0.585938 0.417236 0.434326 0.199951
8 0.871094 0.432129 0.223389 0.282715
8 0.393066 0.049225 0.176514 0.098450
8 0.532227 0.613281 0.313965 0.117188
8 0.216431 0.622070 0.348389 0.184326
8 0.838379 0.674316 0.313965 0.251465
8 0.519531 0.731934 0.382812 0.164062
8 0.750977 0.866211 0.385986 0.201538
8 0.530273 0.895508 0.295410 0.190674
8 0.296875 0.121887 0.212524 0.131226
8 0.824219 0.137451 0.170288 0.243774
8 0.657227 0.143799 0.192139 0.215576
8 0.482910 0.148438 0.190674 0.118774
8 0.147705 0.183594 0.226562 0.154663