8 0.297607 0.124207 0.110962 0.223389
8 0.204712 0.126587 0.087524 0.218750
8 0.112488 0.127319 0.109375 0.214111
8 0.389160 0.126587 0.081238 0.218750
8 0.129639 0.370361 0.112488 0.187500
8 0.225830 0.371094 0.095337 0.185913
8 0.323486 0.373535 0.109375 0.187500
8 0.432861 0.376465 0.109375 0.193726
8 0.039856 0.563965 0.079712 0.203125
8 0.132080 0.589844 0.082825 0.173462
8 0.210205 0.593750 0.076538 0.175049
8 0.282715 0.598633 0.084351 0.184326
8 0.366455 0.604004 0.085938 0.182861
8 0.469482 0.606445 0.095337 0.184326
8 0.562500 0.608398 0.090637 0.182861
8 0.808594 0.614746 0.145264 0.176514
8 0.684570 0.615723 0.153076 0.187500
8 0.147705 0.791504 0.082825 0.148438
8 0.224243 0.791992 0.082825 0.153076
8 0.395996 0.798340 0.079712 0.146851
8 0.475098 0.801758 0.081238 0.150024
8 0.634277 0.807617 0.081238 0.150024
8 0.555664 0.807617 0.076538 0.153076
8 0.053131 0.809570 0.093750 0.199951
8 0.713379 0.810059 0.082825 0.145264
8 0.800781 0.809570 0.107788 0.143799