8 0.457764 0.112488 0.106262 0.146851
8 0.759277 0.112488 0.103149 0.153076
8 0.658691 0.121887 0.101562 0.143799
8 0.044525 0.125000 0.089050 0.150024
8 0.558594 0.125732 0.098450 0.145264
8 0.135132 0.177368 0.107788 0.145264
8 0.951660 0.187500 0.093750 0.146851
8 0.238281 0.214844 0.110962 0.151611
8 0.856934 0.224243 0.101562 0.148438
8 0.350098 0.245361 0.106262 0.146851
8 0.455566 0.253174 0.104675 0.146851
8 0.760254 0.256348 0.104675 0.146851
8 0.660156 0.263184 0.104675 0.142212
8 0.556152 0.267090 0.103149 0.140625
8 0.046082 0.269531 0.092163 0.142212
8 0.138306 0.320312 0.110962 0.143799
8 0.953125 0.331299 0.093750 0.143799
8 0.245361 0.357910 0.106262 0.140625
8 0.857910 0.361816 0.099976 0.139038
8 0.350098 0.383545 0.106262 0.145264
8 0.454590 0.395264 0.106262 0.140625
8 0.764648 0.395996 0.101562 0.142212
8 0.662598 0.405518 0.106262 0.142212
8 0.557129 0.408691 0.101562 0.145264
8 0.046875 0.414062 0.093750 0.143799
8 0.143799 0.463379 0.109375 0.145264
8 0.953125 0.473389 0.093750 0.143799
8 0.246094 0.498535 0.107788 0.140625
8 0.859375 0.502930 0.096863 0.143799
8 0.347656 0.524414 0.104675 0.135986
8 0.453125 0.532715 0.103149 0.137451
8 0.135986 0.053894 0.109375 0.107788
8 0.766602 0.536621 0.104675 0.139038
8 0.557617 0.544434 0.106262 0.142212
8 0.665039 0.545410 0.107788 0.137451
8 0.048431 0.553223 0.096863 0.143799
8 0.951660 0.059387 0.096863 0.115601
8 0.145264 0.603027 0.109375 0.140625
8 0.954102 0.614258 0.092163 0.140625
8 0.247681 0.640625 0.107788 0.143799
8 0.862305 0.642090 0.096863 0.137451
8 0.348389 0.664062 0.099976 0.143799
8 0.452393 0.673340 0.104675 0.143799
8 0.769531 0.674805 0.101562 0.140625
8 0.666504 0.683594 0.104675 0.148438
8 0.561035 0.686035 0.106262 0.140625
8 0.048431 0.693848 0.096863 0.140625
8 0.236694 0.071899 0.107788 0.143799
8 0.146118 0.743652 0.107788 0.143799
8 0.954590 0.755371 0.090637 0.142212
8 0.854492 0.078125 0.099976 0.146851
8 0.246826 0.782227 0.106262 0.142212
8 0.863281 0.782715 0.101562 0.140625
8 0.346191 0.807129 0.101562 0.142212
8 0.770508 0.812500 0.099976 0.143799
8 0.452393 0.813965 0.104675 0.140625
8 0.669434 0.826660 0.110962 0.137451
8 0.566406 0.828125 0.110962 0.143799
8 0.049988 0.833008 0.099976 0.140625
8 0.144531 0.859375 0.104675 0.087524
8 0.142944 0.860352 0.104675 0.089050
8 0.959473 0.861816 0.081238 0.079712
8 0.350098 0.101562 0.106262 0.146851