8 0.250000 0.232056 0.315674 0.207764
8 0.470215 0.235107 0.265625 0.204712
8 0.754883 0.237549 0.318848 0.206299
8 0.764648 0.428223 0.311035 0.221924
8 0.508789 0.428223 0.311035 0.215576
8 0.245361 0.431152 0.321777 0.218750
8 0.757812 0.631348 0.306152 0.221924
8 0.222656 0.634277 0.282715 0.196899
8 0.496094 0.636719 0.282715 0.198486
8 0.482910 0.068726 0.318848 0.137451
8 0.753906 0.069519 0.317139 0.139038
8 0.205444 0.072632 0.248413 0.145264
8 0.212524 0.811035 0.268799 0.190674
8 0.483643 0.813477 0.279785 0.185913
8 0.770996 0.813965 0.298340 0.184326