8 0.714844 0.877930 0.042175 0.087524
8 0.756836 0.877930 0.054688 0.087524
8 0.674805 0.879883 0.046875 0.087524
8 0.579590 0.880371 0.075012 0.082825
8 0.635742 0.880371 0.037506 0.085938
8 0.850098 0.880371 0.046875 0.082825
8 0.893066 0.880371 0.039062 0.082825
8 0.194580 0.880371 0.067200 0.082825
8 0.376465 0.882812 0.068726 0.081238
8 0.121887 0.882812 0.078125 0.081238
8 0.443848 0.882812 0.065613 0.081238
8 0.509277 0.882812 0.065613 0.081238
8 0.314941 0.883789 0.060944 0.079712
8 0.805664 0.883789 0.045319 0.079712
8 0.036713 0.882812 0.054688 0.078125
8 0.259277 0.884277 0.059387 0.078125
8 0.936523 0.903809 0.048431 0.023438
8 0.317139 0.157837 0.075012 0.109375
8 0.563965 0.160889 0.059387 0.112488
8 0.378906 0.161743 0.070312 0.120300
8 0.443848 0.162476 0.068726 0.118774
8 0.506348 0.162476 0.059387 0.115601
8 0.082031 0.163330 0.101562 0.139038
8 0.957031 0.164062 0.057800 0.078125
8 0.986816 0.164795 0.026566 0.089050
8 0.903809 0.166382 0.060944 0.126587
8 0.688965 0.166382 0.062500 0.126587
8 0.753906 0.166382 0.070312 0.126587
8 0.852539 0.167236 0.057800 0.125000
8 0.165649 0.167969 0.084351 0.126587
8 0.247681 0.168701 0.085938 0.128174
8 0.624023 0.170288 0.067200 0.121887
8 0.805664 0.172607 0.045319 0.117188
8 0.027344 0.171875 0.054688 0.121887
8 0.392090 0.313232 0.075012 0.120300
8 0.686523 0.313232 0.067200 0.107788
8 0.625977 0.313232 0.064087 0.104675
8 0.323486 0.313232 0.075012 0.117188
8 0.750000 0.313965 0.062500 0.106262
8 0.568848 0.314941 0.065613 0.117188
8 0.446777 0.316406 0.065613 0.110962
8 0.508789 0.317871 0.064087 0.117188
8 0.067993 0.318848 0.067200 0.134399
8 0.133545 0.318848 0.067200 0.137451
8 0.017181 0.319580 0.034363 0.139038
8 0.258545 0.320312 0.067200 0.131226
8 0.854492 0.322754 0.056244 0.123413
8 0.897461 0.321777 0.054688 0.125000
8 0.799316 0.324219 0.054688 0.123413
8 0.985840 0.324219 0.028122 0.117188
8 0.199219 0.323486 0.082825 0.140625
8 0.950684 0.327393 0.054688 0.114075
8 0.778809 0.040619 0.079712 0.081238
8 0.097656 0.041412 0.060944 0.082825
8 0.039856 0.041412 0.060944 0.082825
8 0.858398 0.042175 0.082825 0.084351
8 0.940430 0.042175 0.081238 0.084351
8 0.164062 0.042175 0.087524 0.084351
8 0.467285 0.042175 0.075012 0.084351
8 0.613281 0.042175 0.089050 0.084351
8 0.699219 0.042969 0.082825 0.085938
8 0.242188 0.042969 0.075012 0.085938
8 0.538086 0.042969 0.073425 0.085938
8 0.315674 0.044525 0.071899 0.089050
8 0.390625 0.045319 0.078125 0.090637
8 0.977539 0.453857 0.045319 0.089050
8 0.933594 0.455566 0.051575 0.095337
8 0.535156 0.465576 0.067200 0.109375
8 0.883789 0.466309 0.057800 0.129639
8 0.834473 0.469482 0.059387 0.126587
8 0.781250 0.470215 0.053131 0.125000
8 0.731934 0.469482 0.051575 0.123413
8 0.683594 0.471191 0.054688 0.126587
8 0.631836 0.471924 0.054688 0.125000
8 0.277344 0.471924 0.070312 0.128174
8 0.582031 0.471191 0.051575 0.085938
8 0.477295 0.472656 0.054688 0.123413
8 0.210205 0.474121 0.067200 0.129639
8 0.083618 0.473389 0.073425 0.131226
8 0.379639 0.473389 0.065613 0.125000
8 0.029694 0.475098 0.059387 0.131226
8 0.432129 0.475830 0.048431 0.120300
8 0.147705 0.475830 0.067200 0.129639
8 0.330566 0.476562 0.048431 0.118774
8 0.979492 0.586914 0.040619 0.076538
8 0.938477 0.589844 0.051575 0.079712
8 0.832031 0.596680 0.054688 0.093750
8 0.883789 0.596680 0.054688 0.096863
8 0.779785 0.596680 0.049988 0.093750
8 0.735352 0.608398 0.048431 0.114075
8 0.688965 0.608398 0.049988 0.117188
8 0.639648 0.609375 0.051575 0.115601
8 0.588379 0.609375 0.051575 0.115601
8 0.286621 0.611816 0.057800 0.114075
8 0.538086 0.611816 0.051575 0.117188
8 0.385254 0.611816 0.051575 0.114075
8 0.436768 0.613281 0.060944 0.120300
8 0.489014 0.612305 0.056244 0.118774
8 0.233643 0.614746 0.064087 0.114075
8 0.110168 0.616211 0.057800 0.120300
8 0.335205 0.617188 0.054688 0.121887
8 0.047668 0.618164 0.070312 0.114075
8 0.160889 0.623535 0.075012 0.137451
8 0.904785 0.723633 0.046875 0.090637
8 0.953125 0.725098 0.053131 0.093750
8 0.857910 0.727539 0.049988 0.092163
8 0.806152 0.727539 0.049988 0.085938
8 0.984375 0.729492 0.031250 0.087524
8 0.759277 0.732910 0.062500 0.093750
8 0.711914 0.749023 0.045319 0.126587
8 0.669434 0.750977 0.045319 0.123413
8 0.622559 0.750977 0.048431 0.126587
8 0.496094 0.753906 0.067200 0.132812
8 0.301514 0.756348 0.062500 0.137451
8 0.232056 0.756836 0.082825 0.135986
8 0.564941 0.757812 0.076538 0.150024
8 0.156250 0.758789 0.081238 0.135986
8 0.367188 0.758789 0.071899 0.142212
8 0.432129 0.758789 0.076538 0.142212
8 0.034363 0.759277 0.059387 0.131226
8 0.088257 0.759277 0.085938 0.134399
8 0.909180 0.778809 0.053131 0.020309
8 0.860840 0.782227 0.046875 0.017181
8 0.987305 0.782227 0.024994 0.023438
8 0.813477 0.782715 0.051575 0.024994
8 0.957031 0.786133 0.057800 0.031250
8 0.860352 0.801758 0.051575 0.021881
8 0.763184 0.803223 0.054688 0.021881
8 0.967773 0.860840 0.045319 0.062500
8 0.930664 0.862305 0.045319 0.062500