8 0.085144 0.806152 0.142212 0.121887
8 0.168701 0.822754 0.106262 0.151611
8 0.283691 0.828125 0.117188 0.175049
8 0.374268 0.845215 0.092163 0.128174
8 0.571777 0.850098 0.103149 0.137451
8 0.468018 0.850098 0.110962 0.146851
8 0.741211 0.851562 0.176514 0.140625
8 0.911621 0.854004 0.170288 0.148438
8 0.414795 0.087524 0.198486 0.175049
8 0.585938 0.095337 0.153076 0.065613
8 0.762695 0.099976 0.193726 0.156250
8 0.928711 0.104675 0.142212 0.134399
8 0.233643 0.122681 0.189087 0.089050
8 0.069519 0.132812 0.139038 0.090637
8 0.581055 0.142944 0.146851 0.064087
8 0.546875 0.338379 0.131226 0.148438
8 0.096069 0.347656 0.154663 0.195312
8 0.235107 0.350830 0.129639 0.192139
8 0.833008 0.356201 0.112488 0.115601
8 0.959473 0.359375 0.081238 0.112488
8 0.681152 0.360107 0.112488 0.110962
8 0.391357 0.362549 0.114075 0.106262
8 0.709473 0.580566 0.093750 0.160889
8 0.401611 0.580566 0.106262 0.151611
8 0.473389 0.582031 0.071899 0.154663
8 0.910156 0.584473 0.095337 0.156250
8 0.834961 0.584473 0.107788 0.153076
8 0.980469 0.584961 0.039062 0.148438
8 0.528809 0.586914 0.073425 0.151611
8 0.614746 0.588867 0.104675 0.150024
8 0.046875 0.596191 0.093750 0.185913
8 0.152344 0.598633 0.126587 0.181274
8 0.261719 0.606445 0.123413 0.171875