8 0.517090 0.160156 0.343750 0.267090
8 0.697754 0.375000 0.192139 0.178101
8 0.505371 0.382812 0.185913 0.181274
8 0.314941 0.391357 0.189087 0.198486
8 0.672852 0.545898 0.189087 0.164062
8 0.479736 0.554688 0.181274 0.178101
8 0.276611 0.564941 0.196899 0.176514
8 0.751465 0.713379 0.187500 0.160889
8 0.388184 0.722656 0.176514 0.160889
8 0.567383 0.724121 0.178101 0.176514
8 0.210205 0.731445 0.182861 0.171875
8 0.836914 0.883789 0.185913 0.173462
8 0.657715 0.883789 0.171875 0.164062
8 0.308594 0.885742 0.170288 0.165649
8 0.479736 0.886719 0.181274 0.170288
8 0.122681 0.891602 0.185913 0.157837