8 0.357910 0.725586 0.256348 0.242188
8 0.719727 0.730469 0.129639 0.257812
8 0.139893 0.732910 0.279785 0.256348
8 0.552246 0.735840 0.279785 0.262451
8 0.859375 0.740723 0.281250 0.262451
8 0.829102 0.881348 0.179688 0.037506
8 0.642090 0.911133 0.250000 0.062500
8 0.393066 0.915039 0.223389 0.064087
8 0.164795 0.916504 0.257812 0.060944
8 0.737305 0.922852 0.203125 0.048431
8 0.936523 0.924805 0.126587 0.043762
8 0.523438 0.147705 0.181274 0.260986
8 0.699219 0.154663 0.298340 0.259277
8 0.907715 0.153931 0.184326 0.251465
8 0.097656 0.156982 0.195312 0.260986
8 0.301514 0.160156 0.350098 0.273438
8 0.546875 0.317871 0.271973 0.067200
8 0.115601 0.319580 0.231201 0.067200
8 0.830566 0.321777 0.279785 0.075012
8 0.508789 0.459473 0.245361 0.246826
8 0.294434 0.459473 0.207764 0.253174
8 0.119507 0.471924 0.239014 0.274902
8 0.729492 0.477295 0.271973 0.251465
8 0.879883 0.485840 0.178101 0.250000