8 0.542969 0.123413 0.167236 0.246826
8 0.709473 0.133545 0.171875 0.267090
8 0.875000 0.139893 0.175049 0.276611
8 0.155518 0.343018 0.235962 0.373535
8 0.364746 0.367920 0.201538 0.373535
8 0.545410 0.394531 0.171875 0.298340
8 0.712402 0.417969 0.181274 0.301514
8 0.887695 0.421875 0.190674 0.300049
8 0.550781 0.704102 0.179688 0.317139
8 0.146118 0.718750 0.232788 0.378174
8 0.371826 0.729492 0.212524 0.356201
8 0.723633 0.729492 0.184326 0.324951
8 0.899902 0.744629 0.193726 0.326660
8 0.158569 0.079712 0.226562 0.159424
8 0.369629 0.092163 0.210938 0.184326