8 0.145264 0.858398 0.115601 0.129639
8 0.518066 0.863281 0.160889 0.135986
8 0.263184 0.865723 0.120300 0.128174
8 0.385986 0.868164 0.128174 0.123413
8 0.649414 0.872559 0.142212 0.114075
8 0.971191 0.883789 0.057800 0.092163
8 0.901367 0.884277 0.084351 0.093750
8 0.876465 0.137451 0.068726 0.171875
8 0.942871 0.139893 0.114075 0.167236
8 0.793945 0.188232 0.153076 0.210938
8 0.178955 0.217163 0.139038 0.203125
8 0.053894 0.218750 0.107788 0.199951
8 0.613281 0.225830 0.098450 0.182861
8 0.683594 0.231201 0.064087 0.159424
8 0.341309 0.237549 0.101562 0.162476
8 0.439941 0.242188 0.101562 0.153076
8 0.268066 0.246094 0.085938 0.154663
8 0.535156 0.246826 0.101562 0.156250
8 0.931152 0.395996 0.128174 0.110962
8 0.088257 0.470215 0.173462 0.215576
8 0.371094 0.473389 0.145264 0.228149
8 0.514160 0.475098 0.150024 0.231201
8 0.231201 0.479736 0.131226 0.209351
8 0.650879 0.483643 0.129639 0.223389
8 0.124207 0.669434 0.117188 0.151611
8 0.909180 0.680664 0.125000 0.145264
8 0.311035 0.683594 0.159424 0.167236
8 0.211670 0.692871 0.076538 0.145264
8 0.663086 0.700195 0.135986 0.162476
8 0.547852 0.704590 0.132812 0.215576
8 0.431152 0.711914 0.125000 0.192139
8 0.795898 0.764648 0.142212 0.192139