8 0.316406 0.868652 0.070312 0.059387
8 0.594727 0.869629 0.064087 0.085938
8 0.549805 0.874023 0.043762 0.079712
8 0.448486 0.883789 0.056244 0.070312
8 0.725098 0.885742 0.059387 0.062500
8 0.505371 0.887695 0.060944 0.068726
8 0.192993 0.893555 0.060944 0.056244
8 0.784180 0.894531 0.071899 0.048431
8 0.625977 0.895508 0.032806 0.056244
8 0.281250 0.895508 0.059387 0.053131
8 0.858398 0.895996 0.054688 0.054688
8 0.240601 0.895508 0.056244 0.053131
8 0.973633 0.896973 0.053131 0.049988
8 0.359375 0.896973 0.062500 0.049988
8 0.665039 0.898438 0.048431 0.053131
8 0.411621 0.899414 0.029694 0.045319
8 0.766602 0.182861 0.029694 0.040619
8 0.730469 0.185913 0.039062 0.040619
8 0.823242 0.192139 0.037506 0.040619
8 0.541504 0.206299 0.032806 0.056244
8 0.571289 0.207031 0.035950 0.057800
8 0.791504 0.223389 0.023438 0.096863
8 0.203857 0.224243 0.029694 0.126587
8 0.161743 0.224243 0.051575 0.126587
8 0.242920 0.225830 0.048431 0.126587
8 0.290527 0.225830 0.049988 0.129639
8 0.343018 0.226562 0.051575 0.128174
8 0.118774 0.227295 0.040619 0.123413
8 0.674805 0.228882 0.028122 0.070312
8 0.075806 0.229736 0.057800 0.121887
8 0.647461 0.234375 0.026566 0.078125
8 0.704102 0.242920 0.029694 0.082825
8 0.764160 0.244507 0.028122 0.079712
8 0.733398 0.244507 0.029694 0.085938
8 0.825684 0.249268 0.035950 0.067200
8 0.618164 0.254639 0.032806 0.065613
8 0.556152 0.255371 0.031250 0.064087
8 0.527344 0.255371 0.026566 0.064087
8 0.586914 0.255371 0.029694 0.064087
8 0.474121 0.257812 0.020309 0.059387
8 0.499268 0.257812 0.029694 0.062500
8 0.527344 0.339844 0.054688 0.042175
8 0.570312 0.349121 0.024994 0.042175
8 0.473389 0.350830 0.040619 0.042175
8 0.609375 0.354004 0.049988 0.042175
8 0.725586 0.359375 0.026566 0.043762
8 0.321045 0.377441 0.035950 0.120300
8 0.287598 0.378906 0.034363 0.120300
8 0.224243 0.378906 0.035950 0.120300
8 0.257080 0.379639 0.029694 0.118774
8 0.529785 0.399902 0.028122 0.075012
8 0.558594 0.401611 0.029694 0.084351
8 0.502441 0.402344 0.029694 0.082825
8 0.366455 0.406982 0.023438 0.067200
8 0.471191 0.406982 0.032806 0.070312
8 0.436035 0.409424 0.040619 0.065613
8 0.392090 0.409424 0.040619 0.071899
8 0.808594 0.413330 0.023438 0.054688
8 0.786621 0.414062 0.020309 0.053131
8 0.742188 0.414795 0.021881 0.054688
8 0.765625 0.416504 0.021881 0.051575
8 0.719727 0.416504 0.023438 0.051575
8 0.457031 0.523438 0.039062 0.106262
8 0.323486 0.524902 0.049988 0.115601
8 0.421143 0.524902 0.051575 0.109375
8 0.172607 0.527344 0.045319 0.117188
8 0.378906 0.527344 0.057800 0.114075
8 0.253174 0.531250 0.109375 0.121887
8 0.766602 0.539062 0.023438 0.096863
8 0.790039 0.542969 0.026566 0.101562
8 0.749023 0.542969 0.029694 0.101562
8 0.479004 0.545410 0.039062 0.093750
8 0.509277 0.546875 0.034363 0.093750
8 0.656250 0.062500 0.034363 0.121887
8 0.584961 0.062500 0.035950 0.121887
8 0.624023 0.063293 0.035950 0.120300
8 0.253906 0.063293 0.051575 0.126587
8 0.299316 0.063293 0.042175 0.126587
8 0.332031 0.063293 0.035950 0.126587
8 0.378906 0.063293 0.029694 0.126587
8 0.549316 0.064087 0.039062 0.118774
8 0.108582 0.064087 0.035950 0.128174
8 0.142944 0.064819 0.035950 0.129639
8 0.180420 0.064819 0.035950 0.129639
8 0.066406 0.064819 0.042175 0.129639
8 0.010941 0.064819 0.021881 0.129639
8 0.032043 0.066406 0.029694 0.129639
8 0.514648 0.066406 0.042175 0.117188
8 0.479004 0.066406 0.039062 0.114075
8 0.233643 0.675781 0.048431 0.120300
8 0.317871 0.677246 0.045319 0.120300
8 0.898438 0.682617 0.037506 0.125000
8 0.270996 0.683594 0.051575 0.132812
8 0.938477 0.693848 0.045319 0.131226
8 0.977539 0.693848 0.035950 0.134399
8 0.860352 0.696289 0.023438 0.101562
8 0.381348 0.699219 0.037506 0.089050
8 0.976562 0.071106 0.046875 0.101562
8 0.791504 0.705566 0.026566 0.104675
8 0.841309 0.706055 0.026566 0.106262
8 0.461670 0.706055 0.045319 0.093750
8 0.816406 0.705566 0.026566 0.104675
8 0.427246 0.706055 0.032806 0.087524
8 0.765625 0.707031 0.028122 0.104675
8 0.215576 0.074219 0.037506 0.107788
8 0.428955 0.801758 0.042175 0.040619
8 0.401611 0.803223 0.031250 0.049988
8 0.320312 0.806152 0.040619 0.065613
8 0.349121 0.808594 0.051575 0.064087
8 0.733398 0.811035 0.032806 0.034363
8 0.565430 0.813477 0.040619 0.042175
8 0.834961 0.813477 0.042175 0.032806
8 0.371094 0.813477 0.039062 0.070312
8 0.950684 0.813965 0.079712 0.062500
8 0.496826 0.813965 0.059387 0.043762
8 0.270264 0.816406 0.053131 0.089050
8 0.693848 0.820312 0.043762 0.075012
8 0.445312 0.822754 0.053131 0.045319
8 0.224243 0.826660 0.042175 0.084351
8 0.758789 0.829102 0.054688 0.048431
8 0.528809 0.829590 0.039062 0.049988
8 0.283691 0.832031 0.054688 0.089050
8 0.929688 0.850586 0.081238 0.089050
8 0.830566 0.853027 0.051575 0.053131
8 0.658691 0.855469 0.054688 0.035950
8 0.371826 0.854492 0.049988 0.046875
8 0.472656 0.860352 0.042175 0.060944
8 0.979004 0.861816 0.042175 0.060944
8 0.778320 0.864258 0.081238 0.046875