8 0.647461 0.200806 0.145264 0.342285
8 0.343018 0.207764 0.142212 0.334473
8 0.767090 0.299316 0.118774 0.329590
8 0.219482 0.307129 0.126587 0.354736
8 0.868164 0.371826 0.120300 0.353027
8 0.503906 0.461670 0.332764 0.398438
8 0.506836 0.460938 0.157837 0.350098
8 0.728027 0.506348 0.168701 0.271973
8 0.264160 0.513184 0.168701 0.270264
8 0.161743 0.636719 0.107788 0.329590
8 0.855469 0.648438 0.114075 0.328125
8 0.500000 0.804688 0.150024 0.350098
8 0.371094 0.809570 0.129639 0.321777
8 0.629883 0.811035 0.134399 0.340576
8 0.261719 0.817871 0.114075 0.339111
8 0.747070 0.817871 0.121887 0.354736
8 0.492920 0.137451 0.170288 0.250000