8 0.786133 0.350098 0.143799 0.168701
8 0.690430 0.454590 0.143799 0.175049
8 0.928223 0.467285 0.131226 0.187500
8 0.540527 0.521973 0.140625 0.137451
8 0.801758 0.538086 0.128174 0.192139
8 0.943848 0.629883 0.112488 0.184326
8 0.438232 0.686523 0.142212 0.170288
8 0.550781 0.705566 0.129639 0.195312
8 0.817383 0.711914 0.143799 0.154663
8 0.659180 0.756348 0.140625 0.187500
8 0.926758 0.803711 0.131226 0.195312
8 0.446045 0.832031 0.142212 0.145264
8 0.741211 0.852539 0.148438 0.114075
8 0.575684 0.868652 0.129639 0.081238