8 0.949219 0.079712 0.101562 0.159424
8 0.922852 0.817871 0.154663 0.226562
8 0.549316 0.821289 0.176514 0.220337
8 0.463379 0.082825 0.207764 0.165649
8 0.740723 0.824219 0.218750 0.217163
8 0.300781 0.825195 0.220337 0.212524
8 0.132080 0.835938 0.198486 0.190674
8 0.683594 0.085144 0.195312 0.164062
8 0.086731 0.087524 0.173462 0.168701
8 0.882812 0.210205 0.193726 0.120300
8 0.686035 0.226562 0.203125 0.103149
8 0.476562 0.231201 0.199951 0.103149
8 0.286621 0.239014 0.201538 0.087524
8 0.091431 0.242920 0.182861 0.082825
8 0.270996 0.042175 0.198486 0.084351
8 0.473389 0.498535 0.190674 0.415527
8 0.288330 0.502930 0.232788 0.399902
8 0.670898 0.521973 0.207764 0.428223
8 0.096069 0.521973 0.192139 0.428223
8 0.868652 0.536133 0.234375 0.406250
8 0.830566 0.076538 0.129639 0.153076