8 0.813477 0.794434 0.373535 0.260986
8 0.265625 0.846191 0.053131 0.167236
8 0.414795 0.852539 0.139038 0.151611
8 0.321045 0.860840 0.067200 0.143799
8 0.082825 0.881836 0.062500 0.101562
8 0.868164 0.102356 0.264160 0.198486
8 0.586914 0.101562 0.313965 0.203125
8 0.139893 0.110168 0.164062 0.220337
8 0.307129 0.110962 0.204712 0.221924
8 0.046875 0.364014 0.081238 0.206299
8 0.130493 0.375732 0.098450 0.248413
8 0.226562 0.403809 0.099976 0.279785
8 0.338379 0.474121 0.204712 0.389160
8 0.592773 0.488281 0.273438 0.495361
8 0.875000 0.495361 0.250000 0.543945
8 0.067993 0.618164 0.048431 0.057800
8 0.022659 0.647461 0.029694 0.104675
8 0.061707 0.689941 0.051575 0.114075
8 0.114868 0.753906 0.051575 0.132812
8 0.180420 0.764160 0.095337 0.237549