8 0.277344 0.104675 0.101562 0.209351
8 0.645996 0.104675 0.101562 0.209351
8 0.358643 0.105469 0.092163 0.210938
8 0.545898 0.105469 0.098450 0.207764
8 0.446045 0.120300 0.095337 0.231201
8 0.958008 0.343018 0.084351 0.235962
8 0.879883 0.343018 0.115601 0.235962
8 0.682129 0.343018 0.110962 0.239014
8 0.780273 0.346191 0.129639 0.232788
8 0.073425 0.352295 0.103149 0.201538
8 0.570312 0.354004 0.125000 0.226562
8 0.274170 0.354004 0.126587 0.226562
8 0.160889 0.356934 0.112488 0.210938
8 0.382812 0.363281 0.109375 0.214111
8 0.481934 0.371826 0.101562 0.224976
8 0.959473 0.600586 0.081238 0.232788
8 0.701660 0.600586 0.118774 0.239014
8 0.803223 0.605469 0.096863 0.229736
8 0.889160 0.605469 0.093750 0.235962
8 0.514648 0.610840 0.101562 0.240601
8 0.595215 0.613281 0.106262 0.217163
8 0.046875 0.618164 0.090637 0.173462
8 0.144531 0.623535 0.123413 0.190674
8 0.241455 0.625977 0.104675 0.182861
8 0.336670 0.635254 0.107788 0.173462
8 0.434326 0.646973 0.093750 0.171875
8 0.346924 0.824219 0.121887 0.164062
8 0.532715 0.825195 0.118774 0.156250
8 0.051575 0.829102 0.096863 0.151611
8 0.431152 0.833496 0.118774 0.145264
8 0.142944 0.839844 0.089050 0.129639
8 0.899902 0.846680 0.081238 0.115601
8 0.644531 0.847656 0.092163 0.117188
8 0.246826 0.848633 0.093750 0.115601
8 0.815430 0.849121 0.087524 0.114075
8 0.967285 0.854004 0.065613 0.101562
8 0.746094 0.881836 0.070312 0.048431
8 0.954590 0.100769 0.090637 0.201538
8 0.078918 0.101562 0.101562 0.203125
8 0.848633 0.103149 0.125000 0.206299
8 0.739258 0.103882 0.099976 0.204712
8 0.178955 0.103882 0.107788 0.204712