8 0.085144 0.182007 0.170288 0.285889
8 0.725586 0.210938 0.170288 0.334473
8 0.576660 0.217163 0.168701 0.309326
8 0.434326 0.236694 0.134399 0.229736
8 0.918945 0.317139 0.162476 0.303223
8 0.253174 0.335938 0.203125 0.324951
8 0.714844 0.443848 0.145264 0.153076
8 0.433594 0.460205 0.135986 0.217163
8 0.089844 0.475830 0.179688 0.295410
8 0.323486 0.517090 0.125000 0.296875
8 0.570312 0.542969 0.171875 0.323486
8 0.436035 0.061707 0.137451 0.123413
8 0.919434 0.624023 0.160889 0.298340
8 0.185181 0.643555 0.164062 0.281250
8 0.715820 0.648438 0.146851 0.262451
8 0.428955 0.675781 0.145264 0.214111
8 0.067993 0.774414 0.129639 0.279785
8 0.313232 0.796875 0.110962 0.237549
8 0.915527 0.080444 0.168701 0.160889
8 0.568848 0.801758 0.175049 0.234375
8 0.922852 0.845215 0.154663 0.134399
8 0.190674 0.846191 0.168701 0.129639
8 0.425049 0.848633 0.140625 0.131226
8 0.725098 0.850586 0.178101 0.132812
8 0.253906 0.089050 0.204712 0.178101