8 0.887695 0.779785 0.224976 0.218750
8 0.676758 0.792969 0.234375 0.145264
8 0.764648 0.080444 0.139038 0.082825
8 0.106262 0.873535 0.084351 0.121887
8 0.295410 0.884277 0.193726 0.096863
8 0.634277 0.108582 0.137451 0.067200
8 0.748535 0.186768 0.278076 0.092163
8 0.295410 0.199951 0.228149 0.106262
8 0.492920 0.200806 0.254639 0.110962
8 0.677246 0.290527 0.195312 0.106262
8 0.889160 0.421875 0.218750 0.290527
8 0.715820 0.423340 0.246826 0.224976
8 0.117981 0.438232 0.210938 0.264160
8 0.255371 0.440674 0.154663 0.334473
8 0.396973 0.442139 0.168701 0.312500
8 0.516602 0.453125 0.195312 0.290527
8 0.499268 0.060150 0.242188 0.120300
8 0.186768 0.698242 0.185913 0.181274
8 0.355469 0.720215 0.198486 0.181274
8 0.526367 0.729004 0.203125 0.189087