8 0.395996 0.198486 0.098450 0.300049
8 0.608398 0.200806 0.104675 0.301514
8 0.291504 0.218750 0.129639 0.290527
8 0.069519 0.238281 0.120300 0.226562
8 0.798340 0.242920 0.112488 0.276611
8 0.498535 0.480469 0.087524 0.317139
8 0.705566 0.485107 0.089050 0.354736
8 0.406250 0.488281 0.081238 0.292236
8 0.611816 0.491455 0.151611 0.329590
8 0.196045 0.497559 0.098450 0.298340
8 0.096863 0.497559 0.096863 0.264160
8 0.823242 0.500977 0.146851 0.292236
8 0.929688 0.511719 0.087524 0.298340
8 0.307129 0.515625 0.110962 0.300049
8 0.188232 0.772461 0.151611 0.298340
8 0.303223 0.778809 0.115601 0.226562
8 0.615723 0.780273 0.093750 0.264160
8 0.791992 0.790527 0.096863 0.312500
8 0.421143 0.792969 0.129639 0.364014
8 0.523438 0.792969 0.096863 0.267090
8 0.903809 0.795898 0.142212 0.264160
8 0.086731 0.816406 0.104675 0.367188
8 0.698242 0.829590 0.103149 0.340576
8 0.178955 0.175781 0.126587 0.342285
8 0.701660 0.179688 0.093750 0.303223
8 0.912598 0.184326 0.175049 0.350098
8 0.502930 0.187500 0.112488 0.274902