8 0.734375 0.814941 0.099976 0.217163
8 0.624023 0.816406 0.129639 0.189087
8 0.363281 0.828125 0.207764 0.206299
8 0.952148 0.841309 0.060944 0.154663
8 0.510742 0.855469 0.134399 0.151611
8 0.897461 0.867188 0.073425 0.125000
8 0.819336 0.882812 0.085938 0.096863
8 0.627930 0.092163 0.150024 0.184326
8 0.180420 0.094543 0.226562 0.185913
8 0.345215 0.095337 0.134399 0.190674
8 0.494629 0.097656 0.154663 0.192139
8 0.792969 0.097656 0.120300 0.195312
8 0.142212 0.250732 0.284424 0.095337
8 0.920410 0.321777 0.146851 0.212524
8 0.737305 0.395264 0.171875 0.318848
8 0.592285 0.406250 0.159424 0.371826
8 0.421143 0.415527 0.254639 0.365723
8 0.171875 0.502441 0.343750 0.473389
8 0.920898 0.633789 0.098450 0.173462
8 0.856445 0.668945 0.112488 0.181274
8 0.710938 0.672852 0.131226 0.142212
8 0.586914 0.749023 0.098450 0.073425
8 0.485107 0.772461 0.098450 0.085938