8 0.162476 0.263184 0.125000 0.232788
8 0.056244 0.264160 0.112488 0.234375
8 0.285156 0.265625 0.135986 0.237549
8 0.425049 0.268799 0.134399 0.240601
8 0.135132 0.045319 0.104675 0.090637
8 0.042175 0.045319 0.084351 0.090637
8 0.253906 0.046082 0.120300 0.092163
8 0.364746 0.046082 0.095337 0.092163
8 0.049225 0.540039 0.098450 0.214111
8 0.150757 0.541992 0.098450 0.215576
8 0.239868 0.548340 0.101562 0.224976
8 0.474121 0.548340 0.114075 0.224976
8 0.583008 0.549316 0.106262 0.220337
8 0.343018 0.549805 0.107788 0.218750
8 0.889648 0.550781 0.179688 0.214111
8 0.732910 0.554688 0.190674 0.228149
8 0.410156 0.657715 0.001562 0.000000
8 0.380371 0.786133 0.095337 0.178101
8 0.072632 0.787598 0.107788 0.184326
8 0.175049 0.788086 0.112488 0.185913
8 0.477295 0.789062 0.095337 0.181274
8 0.770996 0.790527 0.101562 0.175049
8 0.877441 0.791992 0.132812 0.175049
8 0.576660 0.792969 0.090637 0.185913
8 0.674316 0.795410 0.098450 0.171875