8 0.069519 0.063293 0.139038 0.126587
8 0.460205 0.070312 0.148438 0.137451
8 0.708008 0.715820 0.121887 0.153076
8 0.825684 0.715820 0.114075 0.162476
8 0.481201 0.718750 0.106262 0.137451
8 0.588379 0.722656 0.114075 0.160889
8 0.367188 0.727539 0.121887 0.167236
8 0.135986 0.730469 0.128174 0.164062
8 0.245361 0.736816 0.121887 0.160889
8 0.742188 0.073425 0.128174 0.125000
8 0.864746 0.076538 0.129639 0.125000
8 0.610352 0.078125 0.148438 0.137451
8 0.350830 0.084351 0.117188 0.112488
8 0.787598 0.874023 0.137451 0.154663
8 0.674316 0.877441 0.114075 0.129639
8 0.548340 0.885742 0.125000 0.118774
8 0.425049 0.888184 0.146851 0.160889
8 0.276611 0.893555 0.128174 0.150024
8 0.155518 0.900879 0.123413 0.160889
8 0.073425 0.194580 0.146851 0.151611
8 0.338379 0.197632 0.157837 0.151611
8 0.217163 0.197632 0.140625 0.145264
8 0.468018 0.206299 0.139038 0.140625
8 0.860352 0.207031 0.139038 0.142212
8 0.604004 0.207031 0.135986 0.139038
8 0.729492 0.207764 0.134399 0.137451
8 0.471191 0.346924 0.129639 0.134399
8 0.118774 0.348389 0.150024 0.143799
8 0.362549 0.349121 0.090637 0.135986
8 0.253174 0.349121 0.131226 0.135986
8 0.835938 0.350098 0.134399 0.137451
8 0.709961 0.354736 0.139038 0.131226
8 0.600098 0.356934 0.121887 0.129639
8 0.364746 0.438232 0.132812 0.051575
8 0.489746 0.438232 0.135986 0.054688
8 0.244507 0.440674 0.117188 0.046875
8 0.625000 0.441406 0.134399 0.048431
8 0.819336 0.443848 0.135986 0.040619
8 0.104675 0.443848 0.131226 0.043762
8 0.480469 0.524414 0.101562 0.098450
8 0.821777 0.528320 0.137451 0.118774
8 0.713379 0.532715 0.110962 0.112488
8 0.596680 0.533691 0.121887 0.114075
8 0.244507 0.536621 0.132812 0.126587
8 0.364746 0.536621 0.110962 0.123413
8 0.112488 0.570312 0.140625 0.143799
8 0.489746 0.600098 0.110962 0.043762
8 0.846191 0.607910 0.132812 0.043762
8 0.229736 0.060944 0.162476 0.121887
8 0.739746 0.615723 0.117188 0.031250
8 0.622559 0.615723 0.101562 0.043762