8 0.927246 0.252441 0.129639 0.217163
8 0.683594 0.255371 0.117188 0.201538
8 0.570312 0.255371 0.115601 0.201538
8 0.468750 0.258545 0.125000 0.195312
8 0.809570 0.258545 0.115601 0.192139
8 0.275879 0.263184 0.117188 0.185913
8 0.371826 0.266357 0.099976 0.182861
8 0.058594 0.266357 0.117188 0.214111
8 0.164795 0.269531 0.164062 0.176514
8 0.876465 0.039062 0.099976 0.078125
8 0.785156 0.040619 0.085938 0.081238
8 0.508789 0.040619 0.089050 0.081238
8 0.602539 0.040619 0.098450 0.081238
8 0.696777 0.040619 0.090637 0.081238
8 0.421875 0.042175 0.093750 0.081238
8 0.109375 0.049988 0.121887 0.099976
8 0.230469 0.051575 0.123413 0.103149
8 0.661133 0.566406 0.168701 0.282715
8 0.251465 0.567383 0.146851 0.281250
8 0.787598 0.567383 0.146851 0.284424
8 0.129639 0.569336 0.131226 0.285889
8 0.475098 0.570312 0.153076 0.268799
8 0.899902 0.578125 0.112488 0.224976
8 0.351562 0.584961 0.131226 0.245361
8 0.963379 0.586914 0.073425 0.204712
8 0.562500 0.585938 0.078125 0.243774
8 0.042175 0.588867 0.081238 0.262451
8 0.171875 0.830566 0.131226 0.148438
8 0.765625 0.830566 0.134399 0.151611
8 0.644531 0.831055 0.126587 0.153076
8 0.853027 0.832031 0.150024 0.148438
8 0.057800 0.833008 0.109375 0.150024
8 0.360107 0.833008 0.098450 0.150024
8 0.250732 0.835938 0.151611 0.143799
8 0.956055 0.838867 0.087524 0.137451
8 0.553223 0.846680 0.103149 0.121887
8 0.458496 0.850586 0.107788 0.114075