8 0.522461 0.077332 0.170288 0.154663
8 0.380371 0.078125 0.135986 0.156250
8 0.040619 0.078125 0.059387 0.156250
8 0.778320 0.078125 0.140625 0.156250
8 0.652344 0.078918 0.132812 0.157837
8 0.653809 0.809570 0.070312 0.131226
8 0.587402 0.811035 0.128174 0.137451
8 0.478027 0.821289 0.112488 0.157837
8 0.265625 0.822754 0.125000 0.154663
8 0.838379 0.823242 0.098450 0.153076
8 0.373535 0.823242 0.121887 0.156250
8 0.735840 0.824219 0.118774 0.157837
8 0.041412 0.825195 0.082825 0.153076
8 0.137451 0.828125 0.153076 0.156250
8 0.880371 0.088257 0.070312 0.142212
8 0.139038 0.088257 0.134399 0.129639
8 0.268066 0.093750 0.114075 0.121887
8 0.211670 0.277344 0.145264 0.167236
8 0.792969 0.282715 0.145264 0.156250
8 0.082825 0.282715 0.131226 0.156250
8 0.691406 0.285156 0.092163 0.154663
8 0.465576 0.287598 0.125000 0.153076
8 0.583008 0.287598 0.156250 0.156250
8 0.310059 0.288330 0.070312 0.145264
8 0.881348 0.289795 0.068726 0.142212
8 0.371826 0.293701 0.093750 0.140625
8 0.242188 0.478027 0.140625 0.156250
8 0.144531 0.479736 0.107788 0.146851
8 0.382812 0.481201 0.150024 0.150024
8 0.497559 0.483643 0.120300 0.145264
8 0.856934 0.483643 0.120300 0.142212
8 0.050781 0.484375 0.098450 0.140625
8 0.605469 0.485107 0.117188 0.145264
8 0.706055 0.485107 0.115601 0.142212
8 0.786133 0.488281 0.078125 0.135986
8 0.402344 0.651367 0.107788 0.137451
8 0.617188 0.650879 0.103149 0.135986
8 0.795898 0.651367 0.101562 0.134399
8 0.704102 0.652344 0.098450 0.132812
8 0.279785 0.652344 0.112488 0.135986
8 0.875977 0.653320 0.079712 0.134399
8 0.520508 0.652344 0.121887 0.132812
8 0.154663 0.653320 0.125000 0.140625
8 0.050781 0.653320 0.098450 0.137451