8 0.653809 0.075806 0.223389 0.142212
8 0.186768 0.077332 0.226562 0.151611
8 0.125000 0.846191 0.218750 0.176514
8 0.354736 0.845215 0.212524 0.168701
8 0.843750 0.845215 0.234375 0.171875
8 0.635742 0.852539 0.231201 0.164062
8 0.398438 0.103149 0.203125 0.150024
8 0.857910 0.104675 0.206299 0.162476
8 0.156250 0.254639 0.243774 0.171875
8 0.380371 0.290527 0.210938 0.165649
8 0.599121 0.292236 0.220337 0.156250
8 0.849121 0.294434 0.204712 0.185913
8 0.191406 0.450684 0.251465 0.160889
8 0.408691 0.456299 0.235962 0.153076
8 0.643555 0.463379 0.234375 0.160889
8 0.827148 0.479004 0.204712 0.164062
8 0.356201 0.633789 0.234375 0.135986
8 0.130493 0.649902 0.210938 0.168701
8 0.842285 0.663086 0.203125 0.176514
8 0.635254 0.672852 0.229736 0.195312