8 0.513184 0.221924 0.248413 0.178101
8 0.807129 0.239014 0.320312 0.131226
8 0.191406 0.242920 0.354736 0.195312
8 0.505371 0.343018 0.251465 0.079712
8 0.816406 0.391357 0.326660 0.198486
8 0.525879 0.478027 0.298340 0.237549
8 0.188232 0.479004 0.373535 0.220337
8 0.832031 0.541504 0.313965 0.107788
8 0.210938 0.066406 0.337402 0.132812
8 0.827148 0.671875 0.345215 0.228149
8 0.510254 0.708008 0.307861 0.218750
8 0.178101 0.723633 0.353027 0.212524
8 0.822754 0.823242 0.354736 0.109375
8 0.800781 0.087524 0.298340 0.175049