8 0.923340 0.251465 0.125000 0.212524
8 0.679688 0.254639 0.125000 0.199951
8 0.570312 0.254639 0.115601 0.203125
8 0.803711 0.256348 0.123413 0.196899
8 0.465576 0.257080 0.125000 0.195312
8 0.057800 0.259277 0.115601 0.196899
8 0.278076 0.263184 0.125000 0.189087
8 0.372559 0.264893 0.098450 0.179688
8 0.168701 0.270264 0.165649 0.175049
8 0.506836 0.039856 0.092163 0.079712
8 0.602539 0.039856 0.098450 0.079712
8 0.783691 0.040619 0.085938 0.081238
8 0.227295 0.040619 0.123413 0.081238
8 0.421143 0.040619 0.095337 0.081238
8 0.699219 0.040619 0.095337 0.081238
8 0.109375 0.042175 0.121887 0.081238
8 0.875977 0.042175 0.101562 0.081238
8 0.782715 0.558594 0.140625 0.257812
8 0.655273 0.557617 0.160889 0.262451
8 0.245361 0.561523 0.156250 0.273438
8 0.478027 0.563965 0.140625 0.253174
8 0.130493 0.568848 0.132812 0.274902
8 0.563965 0.576660 0.075012 0.224976
8 0.898438 0.579590 0.112488 0.218750
8 0.348389 0.582031 0.121887 0.242188
8 0.039856 0.583008 0.079712 0.237549
8 0.963379 0.589844 0.073425 0.201538
8 0.850098 0.832031 0.159424 0.148438
8 0.169556 0.832031 0.129639 0.151611
8 0.644531 0.832031 0.126587 0.151611
8 0.762695 0.832031 0.140625 0.148438
8 0.361816 0.833008 0.098450 0.150024
8 0.058594 0.833008 0.107788 0.150024
8 0.251465 0.836914 0.150024 0.142212
8 0.954102 0.837402 0.092163 0.137451
8 0.554688 0.846680 0.103149 0.121887
8 0.456299 0.849121 0.099976 0.117188