8 0.869629 0.114868 0.154663 0.207764
8 0.653320 0.117981 0.178101 0.235962
8 0.382080 0.119507 0.157837 0.239014
8 0.081238 0.143799 0.162476 0.246826
8 0.232056 0.145264 0.142212 0.271973
8 0.523438 0.182007 0.125000 0.232788
8 0.872070 0.342285 0.159424 0.234375
8 0.671875 0.344482 0.178101 0.257812
8 0.381348 0.356934 0.162476 0.239014
8 0.081238 0.388184 0.162476 0.245361
8 0.225830 0.417236 0.151611 0.271973
8 0.536133 0.423340 0.143799 0.250000
8 0.689941 0.584473 0.176514 0.262451
8 0.875000 0.584961 0.156250 0.245361
8 0.382080 0.594727 0.160889 0.239014
8 0.078918 0.640625 0.157837 0.259277
8 0.545410 0.666504 0.159424 0.239014
8 0.223389 0.688965 0.153076 0.271973
8 0.875977 0.806152 0.151611 0.199951
8 0.702148 0.806152 0.167236 0.199951
8 0.383545 0.807617 0.160889 0.196899
8 0.075012 0.832031 0.150024 0.148438
8 0.545410 0.846191 0.159424 0.120300
8 0.211670 0.867188 0.157837 0.081238