8 0.433594 0.890625 0.182861 0.056244
8 0.832031 0.102356 0.289062 0.204712
8 0.506348 0.122681 0.293701 0.064087
8 0.486816 0.175049 0.282715 0.078125
8 0.064819 0.185181 0.126587 0.048431
8 0.936035 0.244507 0.128174 0.064087
8 0.077332 0.245361 0.154663 0.065613
8 0.469482 0.253906 0.320312 0.057800
8 0.936035 0.293701 0.128174 0.043762
8 0.054688 0.312500 0.109375 0.071899
8 0.938477 0.335938 0.123413 0.068726
8 0.472656 0.339111 0.320312 0.078125
8 0.752441 0.353027 0.201538 0.056244
8 0.049988 0.375000 0.099976 0.046875
8 0.152344 0.039062 0.060944 0.078125
8 0.932129 0.389893 0.132812 0.085938
8 0.253174 0.399170 0.140625 0.042175
8 0.488281 0.417236 0.320312 0.078125
8 0.708496 0.417969 0.101562 0.032806
8 0.036713 0.427246 0.073425 0.085938
8 0.237549 0.446045 0.168701 0.067200
8 0.941406 0.447754 0.117188 0.035950
8 0.762695 0.452393 0.212524 0.039062
8 0.944336 0.481934 0.110962 0.039062
8 0.483643 0.486816 0.320312 0.070312
8 0.233643 0.503906 0.170288 0.067200
8 0.768066 0.508789 0.235962 0.076538
8 0.039062 0.508789 0.078125 0.089050
8 0.946289 0.517090 0.107788 0.037506
8 0.469482 0.547852 0.313965 0.073425
8 0.950684 0.553711 0.098450 0.035950
8 0.762695 0.567383 0.212524 0.046875
8 0.221069 0.567871 0.201538 0.064087
8 0.060150 0.057037 0.067200 0.114075
8 0.766602 0.598633 0.260986 0.081238
8 0.957031 0.605469 0.085938 0.032806
8 0.455566 0.614746 0.348389 0.067200
8 0.200806 0.618652 0.195312 0.040619
8 0.956055 0.639648 0.087524 0.042175
8 0.766602 0.642090 0.273438 0.062500
8 0.178955 0.674316 0.207764 0.039062
8 0.451660 0.703125 0.324951 0.078125
8 0.163330 0.725098 0.220337 0.062500
8 0.754883 0.727539 0.284424 0.101562
8 0.433594 0.760254 0.326660 0.064087
8 0.950684 0.784180 0.098450 0.043762
8 0.145264 0.784180 0.237549 0.049988
8 0.419434 0.807129 0.339111 0.064087
8 0.750000 0.813477 0.278076 0.070312
8 0.944336 0.837402 0.110962 0.046875