8 0.736816 0.183594 0.142212 0.220337
8 0.896973 0.201538 0.150024 0.243774
8 0.582031 0.202393 0.145264 0.251465
8 0.662598 0.312500 0.156250 0.221924
8 0.816406 0.313965 0.154663 0.224976
8 0.317871 0.339111 0.207764 0.240601
8 0.137451 0.339111 0.181274 0.246826
8 0.775879 0.674805 0.257812 0.350098
8 0.139893 0.678223 0.270264 0.356201
8 0.459473 0.682129 0.265625 0.357910
8 0.289062 0.807129 0.271973 0.360840
8 0.622559 0.811035 0.267090 0.353027
8 0.131226 0.124207 0.209351 0.189087
8 0.337402 0.125000 0.212524 0.187500