8 0.495361 0.376465 0.075012 0.109375
8 0.824219 0.375732 0.076538 0.107788
8 0.750000 0.377441 0.075012 0.104675
8 0.327393 0.377441 0.079712 0.107788
8 0.417236 0.378174 0.081238 0.106262
8 0.907227 0.382812 0.082825 0.096863
8 0.680664 0.382812 0.073425 0.090637
8 0.024216 0.383545 0.048431 0.098450
8 0.222656 0.385254 0.067200 0.098450
8 0.563965 0.389893 0.075012 0.082825
8 0.084351 0.389893 0.065613 0.085938
8 0.152344 0.395264 0.070312 0.078125
8 0.924805 0.540039 0.081238 0.120300
8 0.825684 0.541504 0.073425 0.114075
8 0.678223 0.545898 0.078125 0.110962
8 0.326660 0.549316 0.078125 0.107788
8 0.758789 0.549805 0.070312 0.096863
8 0.562500 0.550781 0.075012 0.101562
8 0.406982 0.550781 0.079712 0.101562
8 0.481934 0.550781 0.073425 0.101562
8 0.223389 0.555664 0.068726 0.101562
8 0.087524 0.557129 0.065613 0.104675
8 0.153076 0.558594 0.068726 0.101562
8 0.026566 0.561035 0.053131 0.093750
8 0.473389 0.709961 0.075012 0.114075
8 0.396973 0.711914 0.075012 0.110962
8 0.325684 0.718750 0.079712 0.115601
8 0.807617 0.721191 0.062500 0.098450
8 0.553223 0.721680 0.078125 0.103149
8 0.748535 0.721191 0.075012 0.098450
8 0.932129 0.721680 0.070312 0.093750
8 0.676758 0.724121 0.075012 0.095337
8 0.870117 0.725098 0.075012 0.090637
8 0.152344 0.725586 0.060944 0.098450
8 0.210938 0.731445 0.065613 0.090637
8 0.078125 0.738281 0.068726 0.101562
8 0.529785 0.877930 0.049988 0.059387
8 0.427246 0.878906 0.054688 0.057800
8 0.479736 0.878906 0.053131 0.054688
8 0.373535 0.879883 0.053131 0.056244
8 0.579590 0.879883 0.049988 0.056244
8 0.318848 0.881348 0.053131 0.053131