8 0.502441 0.368652 0.104675 0.271973
8 0.731445 0.372559 0.131226 0.279785
8 0.600586 0.372559 0.120300 0.276611
8 0.875977 0.404785 0.201538 0.203125
8 0.266357 0.417236 0.120300 0.187500
8 0.385986 0.430420 0.115601 0.179688
8 0.176514 0.060150 0.103149 0.120300
8 0.739746 0.062500 0.117188 0.125000
8 0.237549 0.682129 0.065613 0.167236
8 0.092957 0.694336 0.095337 0.185913
8 0.316406 0.695312 0.092163 0.193726
8 0.512695 0.696289 0.103149 0.182861
8 0.414795 0.700195 0.129639 0.199951
8 0.735840 0.700684 0.146851 0.185913
8 0.627930 0.070312 0.099976 0.140625
8 0.633789 0.704590 0.142212 0.171875
8 0.175049 0.704590 0.084351 0.212524
8 0.939941 0.709961 0.120300 0.210938
8 0.849121 0.711914 0.182861 0.210938
8 0.915039 0.071899 0.142212 0.143799
8 0.840820 0.071899 0.046875 0.143799
8 0.062500 0.074219 0.106262 0.148438
8 0.281982 0.075012 0.117188 0.150024
8 0.520996 0.075806 0.114075 0.148438
8 0.392090 0.075806 0.103149 0.151611