8 0.916504 0.695312 0.157837 0.203125
8 0.769531 0.698242 0.154663 0.203125
8 0.268066 0.699219 0.179688 0.198486
8 0.606934 0.700195 0.176514 0.199951
8 0.437500 0.700195 0.175049 0.203125
8 0.093750 0.702148 0.184326 0.201538
8 0.911133 0.898438 0.178101 0.203125
8 0.750977 0.899414 0.157837 0.198486
8 0.269531 0.899902 0.192139 0.196899
8 0.593750 0.899902 0.156250 0.199951
8 0.091431 0.899414 0.182861 0.198486
8 0.440674 0.900879 0.165649 0.198486
8 0.916992 0.096069 0.153076 0.192139
8 0.765625 0.097656 0.150024 0.189087
8 0.418701 0.102356 0.187500 0.198486
8 0.596680 0.103149 0.190674 0.196899
8 0.254639 0.105469 0.181274 0.207764
8 0.087524 0.107788 0.175049 0.206299
8 0.919434 0.293701 0.160889 0.212524
8 0.764160 0.296875 0.156250 0.218750
8 0.606934 0.300049 0.173462 0.196899
8 0.442139 0.300049 0.171875 0.196899
8 0.270996 0.305420 0.189087 0.198486
8 0.093750 0.307861 0.184326 0.196899
8 0.919434 0.496094 0.160889 0.214111
8 0.768066 0.500977 0.154663 0.220337
8 0.436035 0.500977 0.181274 0.195312
8 0.605469 0.501465 0.179688 0.199951
8 0.262451 0.501465 0.184326 0.193726
8 0.092163 0.505371 0.181274 0.195312