8 0.700195 0.077332 0.131226 0.154663
8 0.090637 0.078918 0.090637 0.157837
8 0.023438 0.080444 0.046875 0.160889
8 0.583008 0.885742 0.106262 0.090637
8 0.913086 0.885742 0.092163 0.087524
8 0.682617 0.887695 0.093750 0.087524
8 0.362549 0.887695 0.118774 0.081238
8 0.774414 0.888184 0.089050 0.085938
8 0.267090 0.889160 0.118774 0.087524
8 0.146118 0.889648 0.076538 0.082825
8 0.475830 0.894531 0.114075 0.070312
8 0.061707 0.896973 0.104675 0.068726
8 0.314941 0.131226 0.120300 0.059387
8 0.950684 0.153931 0.098450 0.070312
8 0.819336 0.170288 0.126587 0.046875
8 0.694336 0.171143 0.123413 0.051575
8 0.448486 0.175049 0.118774 0.049988
8 0.566406 0.176514 0.114075 0.040619
8 0.205444 0.182861 0.104675 0.037506
8 0.320312 0.182861 0.112488 0.040619
8 0.939941 0.278809 0.101562 0.164062
8 0.689941 0.299316 0.104675 0.151611
8 0.805664 0.300049 0.107788 0.187500
8 0.343750 0.305420 0.121887 0.160889
8 0.088257 0.305420 0.114075 0.167236
8 0.574219 0.307129 0.123413 0.170288
8 0.224243 0.308594 0.117188 0.154663
8 0.453857 0.315674 0.117188 0.165649
8 0.814941 0.400879 0.126587 0.045319
8 0.699219 0.403076 0.098450 0.043762
8 0.343018 0.409424 0.089050 0.040619
8 0.221069 0.410889 0.107788 0.040619
8 0.454590 0.413330 0.121887 0.029694
8 0.085144 0.415527 0.110962 0.037506
8 0.311768 0.048431 0.120300 0.093750
8 0.195312 0.048431 0.087524 0.090637
8 0.928223 0.506836 0.093750 0.145264
8 0.528809 0.507812 0.098450 0.150024
8 0.793945 0.510254 0.118774 0.151611
8 0.425049 0.514160 0.109375 0.162476
8 0.221924 0.516602 0.121887 0.142212
8 0.328125 0.525879 0.099976 0.148438
8 0.619629 0.525879 0.095337 0.154663
8 0.722656 0.528809 0.117188 0.157837
8 0.050781 0.536621 0.085938 0.139038
8 0.124207 0.550781 0.070312 0.117188
8 0.957031 0.057800 0.085938 0.115601
8 0.442871 0.073425 0.114075 0.146851
8 0.917969 0.742188 0.101562 0.199951
8 0.272705 0.743652 0.107788 0.209351
8 0.797852 0.743652 0.104675 0.203125
8 0.561523 0.074219 0.110962 0.148438
8 0.700684 0.745117 0.104675 0.196899
8 0.473389 0.747070 0.096863 0.196899
8 0.375732 0.747559 0.110962 0.195312
8 0.596191 0.747559 0.104675 0.192139
8 0.820312 0.075012 0.150024 0.150024
8 0.074219 0.759277 0.082825 0.143799
8 0.129639 0.760254 0.109375 0.114075