8 0.046082 0.085144 0.089050 0.148438
8 0.239868 0.877930 0.132812 0.106262
8 0.378906 0.878906 0.120300 0.104675
8 0.510254 0.889160 0.085938 0.081238
8 0.308594 0.089844 0.095337 0.148438
8 0.610840 0.900879 0.099976 0.060944
8 0.122681 0.094543 0.076538 0.126587
8 0.202393 0.094543 0.104675 0.151611
8 0.398438 0.096069 0.078125 0.148438
8 0.946289 0.114075 0.107788 0.168701
8 0.629883 0.116394 0.103149 0.176514
8 0.834473 0.120300 0.103149 0.153076
8 0.512695 0.132080 0.096863 0.148438
8 0.800781 0.278076 0.114075 0.106262
8 0.038269 0.279785 0.076538 0.109375
8 0.122681 0.285156 0.107788 0.095337
8 0.682129 0.285156 0.114075 0.145264
8 0.917969 0.291504 0.120300 0.157837
8 0.289062 0.296875 0.103149 0.159424
8 0.588867 0.298340 0.128174 0.134399
8 0.400879 0.303955 0.092163 0.142212
8 0.210205 0.303955 0.095337 0.132812
8 0.508789 0.306152 0.076538 0.118774
8 0.047668 0.524902 0.092163 0.190674
8 0.138306 0.527344 0.114075 0.210938
8 0.235107 0.527344 0.095337 0.198486
8 0.395996 0.528809 0.092163 0.214111
8 0.320312 0.530273 0.087524 0.204712
8 0.514648 0.533691 0.101562 0.195312
8 0.893555 0.539062 0.109375 0.209351
8 0.804688 0.540039 0.125000 0.192139
8 0.604004 0.541504 0.101562 0.207764
8 0.714844 0.543945 0.117188 0.215576
8 0.963379 0.544434 0.073425 0.195312
8 0.726562 0.724121 0.081238 0.098450
8 0.808594 0.727539 0.085938 0.095337
8 0.288330 0.729004 0.126587 0.189087
8 0.175049 0.731445 0.112488 0.184326
8 0.086731 0.736816 0.092163 0.185913
8 0.382812 0.742188 0.109375 0.190674
8 0.500977 0.744629 0.085938 0.117188
8 0.881836 0.756836 0.085938 0.142212
8 0.573242 0.759277 0.078125 0.146851
8 0.950684 0.759277 0.089050 0.125000
8 0.645996 0.768555 0.085938 0.156250