8 0.842773 0.786133 0.045319 0.084351
8 0.613281 0.786621 0.057800 0.070312
8 0.221069 0.800781 0.089050 0.160889
8 0.800781 0.810059 0.048431 0.089050
8 0.149170 0.813477 0.082825 0.154663
8 0.755371 0.816406 0.054688 0.095337
8 0.074219 0.832031 0.092163 0.170288
8 0.103149 0.085144 0.121887 0.170288
8 0.670898 0.854004 0.064087 0.101562
8 0.903809 0.868652 0.032806 0.125000
8 0.609375 0.877441 0.059387 0.101562
8 0.864258 0.877930 0.056244 0.106262
8 0.543945 0.878906 0.046875 0.101562
8 0.210205 0.089050 0.120300 0.178101
8 0.814941 0.885742 0.064087 0.090637
8 0.500000 0.889648 0.059387 0.082825
8 0.439941 0.894531 0.067200 0.070312
8 0.731445 0.901367 0.053131 0.059387
8 0.366455 0.901367 0.079712 0.062500
8 0.400879 0.092163 0.095337 0.184326
8 0.310059 0.092957 0.107788 0.176514
8 0.614746 0.103149 0.045319 0.106262
8 0.667969 0.107056 0.060944 0.123413
8 0.938965 0.114075 0.059387 0.059387
8 0.474121 0.119507 0.064087 0.157837
8 0.536621 0.121887 0.073425 0.159424
8 0.709961 0.139893 0.054688 0.142212
8 0.764648 0.147705 0.054688 0.139038
8 0.826660 0.157837 0.065613 0.121887
8 0.875977 0.164795 0.057800 0.114075
8 0.928223 0.180420 0.046875 0.089050
8 0.968750 0.183594 0.049988 0.085938
8 0.920410 0.273438 0.046875 0.093750
8 0.967773 0.273438 0.048431 0.090637
8 0.846191 0.289062 0.054688 0.099976
8 0.811035 0.294434 0.059387 0.101562
8 0.885742 0.300781 0.040619 0.085938
8 0.536621 0.326660 0.067200 0.146851
8 0.069519 0.331299 0.120300 0.190674
8 0.613281 0.331299 0.054688 0.134399
8 0.476562 0.332764 0.068726 0.137451
8 0.336670 0.332764 0.085938 0.159424
8 0.752441 0.334473 0.054688 0.099976
8 0.413330 0.333496 0.073425 0.145264
8 0.177368 0.333496 0.110962 0.164062
8 0.263184 0.340576 0.079712 0.153076
8 0.692383 0.341309 0.075012 0.092163
8 0.899414 0.449219 0.048431 0.101562
8 0.747070 0.454590 0.053131 0.118774
8 0.850586 0.457031 0.054688 0.110962
8 0.688477 0.459473 0.060944 0.121887
8 0.942383 0.460205 0.040619 0.120300
8 0.804688 0.464844 0.065613 0.107788
8 0.618652 0.465576 0.078125 0.125000
8 0.981934 0.511719 0.035950 0.098450
8 0.800781 0.052338 0.067200 0.104675
8 0.541992 0.536133 0.056244 0.128174
8 0.427246 0.541504 0.064087 0.145264
8 0.485107 0.541504 0.060944 0.132812
8 0.377441 0.553223 0.035950 0.159424
8 0.938965 0.555664 0.040619 0.070312
8 0.326660 0.560059 0.078125 0.151611
8 0.251465 0.568848 0.084351 0.150024
8 0.894531 0.567871 0.039062 0.070312
8 0.856934 0.570312 0.035950 0.071899
8 0.822754 0.575684 0.039062 0.067200
8 0.782227 0.579102 0.045319 0.054688
8 0.175781 0.579590 0.089050 0.143799
8 0.981934 0.582031 0.035950 0.101562
8 0.082031 0.588379 0.117188 0.160889
8 0.905273 0.625000 0.042175 0.090637
8 0.939941 0.625977 0.042175 0.073425
8 0.854004 0.064087 0.060944 0.090637
8 0.973633 0.639160 0.049988 0.093750
8 0.866211 0.645996 0.045319 0.076538
8 0.844727 0.647461 0.051575 0.073425
8 0.803711 0.649414 0.042175 0.092163
8 0.758789 0.660156 0.054688 0.114075
8 0.709961 0.672852 0.054688 0.114075
8 0.660156 0.684570 0.057800 0.106262
8 0.604004 0.697754 0.057800 0.117188
8 0.541504 0.719727 0.054688 0.139038
8 0.481934 0.730469 0.064087 0.142212
8 0.430420 0.749023 0.057800 0.132812
8 0.920898 0.753906 0.045319 0.095337
8 0.373535 0.763184 0.068726 0.154663
8 0.885254 0.766602 0.051575 0.092163
8 0.311035 0.769531 0.084351 0.157837
8 0.676758 0.773438 0.065613 0.096863