8 0.116394 0.264160 0.132812 0.121887
8 0.725586 0.272705 0.223389 0.267090
8 0.283691 0.283691 0.235962 0.292236
8 0.915039 0.287598 0.170288 0.334473
8 0.512695 0.330566 0.178101 0.229736
8 0.108582 0.371094 0.135986 0.104675
8 0.717285 0.470215 0.253174 0.140625
8 0.506348 0.491455 0.259277 0.104675
8 0.927246 0.056244 0.145264 0.112488
8 0.721680 0.062500 0.240601 0.125000
8 0.477295 0.065613 0.229736 0.131226
8 0.081238 0.071106 0.150024 0.107788
8 0.080444 0.721191 0.157837 0.317139
8 0.428955 0.725098 0.220337 0.321777
8 0.263184 0.072632 0.214111 0.129639
8 0.251465 0.750000 0.196899 0.340576
8 0.636719 0.756836 0.239014 0.345215
8 0.858398 0.765625 0.239014 0.328125