8 0.051575 0.343018 0.103149 0.217163
8 0.524414 0.346191 0.101562 0.217163
8 0.422607 0.348389 0.110962 0.212524
8 0.678223 0.348389 0.106262 0.203125
8 0.770508 0.350098 0.096863 0.199951
8 0.253906 0.350098 0.095337 0.206299
8 0.610352 0.350830 0.076538 0.204712
8 0.153076 0.353027 0.118774 0.203125
8 0.947754 0.356201 0.095337 0.187500
8 0.337402 0.357910 0.084351 0.193726
8 0.602539 0.598633 0.089050 0.184326
8 0.140625 0.601562 0.099976 0.187500
8 0.321045 0.600586 0.101562 0.192139
8 0.414062 0.601562 0.087524 0.190674
8 0.505371 0.600586 0.107788 0.192139
8 0.042969 0.603027 0.085938 0.184326
8 0.852539 0.603027 0.085938 0.187500
8 0.937500 0.603027 0.090637 0.193726
8 0.229736 0.604004 0.093750 0.192139
8 0.696777 0.604492 0.090637 0.190674
8 0.774902 0.609375 0.081238 0.178101
8 0.952148 0.070312 0.079712 0.140625
8 0.860840 0.071899 0.096863 0.143799
8 0.767090 0.071899 0.099976 0.143799
8 0.512695 0.073425 0.106262 0.146851
8 0.324219 0.074219 0.079712 0.148438
8 0.410156 0.074219 0.092163 0.148438
8 0.591309 0.074219 0.085938 0.148438
8 0.677246 0.074219 0.085938 0.148438
8 0.073425 0.074219 0.075012 0.148438
8 0.146118 0.074219 0.089050 0.148438
8 0.232788 0.074219 0.103149 0.148438
8 0.431152 0.831055 0.096863 0.140625
8 0.627441 0.835938 0.123413 0.131226
8 0.527344 0.840820 0.101562 0.121887
8 0.253906 0.842773 0.092163 0.117188
8 0.075012 0.842773 0.150024 0.114075
8 0.172607 0.847656 0.079712 0.107788
8 0.734375 0.847656 0.096863 0.107788
8 0.885742 0.847656 0.087524 0.107788
8 0.963867 0.847656 0.071899 0.101562
8 0.328857 0.849121 0.110962 0.104675
8 0.807617 0.850586 0.062500 0.101562