8 0.650879 0.146851 0.142212 0.243774
8 0.436768 0.150757 0.114075 0.214111
8 0.787598 0.150757 0.143799 0.257812
8 0.256348 0.153931 0.134399 0.201538
8 0.066406 0.154663 0.079712 0.196899
8 0.544434 0.169556 0.107788 0.248413
8 0.874023 0.178101 0.070312 0.203125
8 0.341309 0.186768 0.092163 0.135986
8 0.114075 0.372559 0.099976 0.151611
8 0.389160 0.382080 0.103149 0.154663
8 0.295410 0.383545 0.084351 0.142212
8 0.210205 0.382812 0.085938 0.137451
8 0.493652 0.392090 0.093750 0.143799
8 0.868164 0.397705 0.132812 0.154663
8 0.589844 0.399170 0.110962 0.139038
8 0.767090 0.402344 0.087524 0.145264
8 0.695312 0.406982 0.121887 0.132812
8 0.092957 0.641602 0.098450 0.192139
8 0.200806 0.647461 0.076538 0.179688
8 0.288330 0.652344 0.107788 0.201538
8 0.382812 0.657715 0.103149 0.209351
8 0.585938 0.668945 0.118774 0.209351
8 0.485107 0.670898 0.110962 0.229736
8 0.671875 0.678223 0.109375 0.206299
8 0.759277 0.679688 0.103149 0.212524
8 0.864746 0.681152 0.117188 0.206299
8 0.958496 0.688477 0.082825 0.195312
8 0.119507 0.833496 0.067200 0.145264
8 0.186768 0.841309 0.079712 0.129639
8 0.256348 0.845215 0.087524 0.128174
8 0.377441 0.852539 0.057800 0.107788
8 0.555664 0.854492 0.098450 0.106262
8 0.453125 0.854492 0.118774 0.106262
8 0.651367 0.854492 0.078125 0.096863
8 0.765625 0.857910 0.109375 0.096863
8 0.949219 0.864258 0.101562 0.087524
8 0.855469 0.865723 0.089050 0.090637