8 0.490723 0.786621 0.121887 0.207764
8 0.394531 0.788086 0.110962 0.204712
8 0.037506 0.792969 0.075012 0.214111
8 0.596680 0.797852 0.131226 0.192139
8 0.306152 0.818848 0.112488 0.156250
8 0.205444 0.819336 0.104675 0.145264
8 0.783691 0.829590 0.082825 0.121887
8 0.864746 0.830566 0.085938 0.120300
8 0.699219 0.833496 0.085938 0.120300
8 0.944336 0.834473 0.095337 0.125000
8 0.875000 0.084351 0.093750 0.075012
8 0.966309 0.084351 0.039062 0.071899
8 0.785156 0.087524 0.054688 0.081238
8 0.582031 0.142212 0.114075 0.190674
8 0.303955 0.149170 0.110962 0.189087
8 0.474121 0.153076 0.120300 0.175049
8 0.833008 0.155518 0.131226 0.045319
8 0.711914 0.155518 0.104675 0.035950
8 0.209351 0.160889 0.090637 0.165649
8 0.389893 0.161743 0.073425 0.157837
8 0.030472 0.162476 0.057800 0.165649
8 0.110962 0.164062 0.099976 0.162476
8 0.945312 0.196899 0.103149 0.053131
8 0.709473 0.198486 0.103149 0.056244
8 0.822754 0.203125 0.129639 0.053131
8 0.911621 0.296143 0.057800 0.092163
8 0.821777 0.300781 0.121887 0.126587
8 0.702148 0.337402 0.082825 0.059387
8 0.947754 0.373535 0.104675 0.065613
8 0.582031 0.383545 0.101562 0.151611
8 0.838379 0.389893 0.120300 0.032806
8 0.489746 0.389893 0.085938 0.135986
8 0.146851 0.395996 0.037506 0.139038
8 0.356934 0.397705 0.082825 0.139038
8 0.091431 0.399170 0.092163 0.126587
8 0.021088 0.399170 0.042175 0.145264
8 0.281982 0.399170 0.064087 0.126587
8 0.205444 0.400879 0.089050 0.148438
8 0.427246 0.403076 0.060944 0.109375
8 0.713379 0.432861 0.110962 0.043762
8 0.834961 0.437500 0.114075 0.037506
8 0.776367 0.503906 0.062500 0.076538
8 0.949219 0.504883 0.079712 0.087524
8 0.704590 0.506836 0.103149 0.098450
8 0.863281 0.510254 0.089050 0.085938
8 0.517090 0.531250 0.096863 0.146851
8 0.600586 0.534180 0.089050 0.134399
8 0.225830 0.541504 0.098450 0.129639
8 0.427246 0.541992 0.079712 0.150024
8 0.295410 0.560059 0.081238 0.148438
8 0.357910 0.566406 0.078125 0.132812
8 0.152344 0.570312 0.095337 0.131226
8 0.021881 0.575684 0.043762 0.132812
8 0.073425 0.584961 0.065613 0.142212
8 0.707031 0.600586 0.095337 0.135986
8 0.791504 0.610352 0.082825 0.123413
8 0.877441 0.612305 0.092163 0.125000
8 0.959961 0.613281 0.076538 0.117188
8 0.709961 0.067200 0.101562 0.125000
8 0.152344 0.661621 0.076538 0.048431
8 0.082031 0.665039 0.089050 0.035950
8 0.750000 0.706055 0.062500 0.053131
8 0.908691 0.709961 0.064087 0.070312
8 0.286621 0.715820 0.110962 0.062500
8 0.836914 0.717773 0.085938 0.082825
8 0.201538 0.720215 0.109375 0.078125
8 0.703125 0.731934 0.096863 0.095337
8 0.111694 0.757812 0.104675 0.150024