8 0.161743 0.125000 0.176514 0.250000
8 0.343750 0.125732 0.187500 0.251465
8 0.531250 0.127319 0.187500 0.251465
8 0.046082 0.128174 0.092163 0.240601
8 0.714844 0.127319 0.195312 0.254639
8 0.906250 0.128174 0.187500 0.256348
8 0.714844 0.489014 0.185913 0.337402
8 0.539062 0.496826 0.190674 0.331299
8 0.357910 0.498535 0.199951 0.337402
8 0.170288 0.506836 0.184326 0.320312
8 0.053131 0.508789 0.106262 0.301514
8 0.902344 0.536133 0.195312 0.246826
8 0.700684 0.821289 0.176514 0.189087
8 0.524902 0.824219 0.175049 0.185913
8 0.340576 0.825684 0.181274 0.182861
8 0.156250 0.829102 0.178101 0.176514
8 0.894531 0.856445 0.210938 0.112488