8 0.179688 0.085144 0.096863 0.051575
8 0.146851 0.853027 0.115601 0.143799
8 0.087524 0.087524 0.087524 0.059387
8 0.516602 0.863281 0.157837 0.135986
8 0.263184 0.864258 0.123413 0.131226
8 0.385986 0.868164 0.128174 0.126587
8 0.641602 0.873535 0.135986 0.115601
8 0.903809 0.881348 0.076538 0.096863
8 0.785156 0.899902 0.132812 0.062500
8 0.878906 0.137451 0.064087 0.175049
8 0.946777 0.141357 0.106262 0.157837
8 0.793945 0.187500 0.156250 0.206299
8 0.171875 0.216431 0.125000 0.198486
8 0.058594 0.221069 0.117188 0.195312
8 0.613281 0.224976 0.098450 0.181274
8 0.683594 0.227295 0.060944 0.157837
8 0.342285 0.238281 0.103149 0.160889
8 0.437500 0.244507 0.096863 0.157837
8 0.533691 0.245361 0.104675 0.159424
8 0.267090 0.246094 0.084351 0.154663
8 0.938477 0.395996 0.117188 0.110962
8 0.686523 0.042175 0.067200 0.062500
8 0.083618 0.467285 0.160889 0.209351
8 0.230469 0.469482 0.129639 0.201538
8 0.511719 0.474121 0.148438 0.229736
8 0.653809 0.476562 0.135986 0.231201
8 0.371094 0.476562 0.148438 0.231201
8 0.934570 0.495361 0.131226 0.090637
8 0.610840 0.052338 0.093750 0.057800
8 0.510254 0.058594 0.098450 0.057800
8 0.418701 0.060150 0.075012 0.070312
8 0.780273 0.630371 0.145264 0.073425
8 0.120300 0.682617 0.125000 0.184326
8 0.308594 0.688477 0.160889 0.176514
8 0.430420 0.691406 0.129639 0.192139
8 0.211670 0.695312 0.079712 0.153076
8 0.916992 0.696777 0.109375 0.184326
8 0.545898 0.704590 0.132812 0.218750
8 0.664062 0.706055 0.131226 0.215576
8 0.351562 0.074219 0.106262 0.054688
8 0.264160 0.076538 0.087524 0.056244
8 0.794434 0.767090 0.142212 0.199951