8 0.916992 0.207764 0.165649 0.253174
8 0.215576 0.236694 0.153076 0.232788
8 0.641602 0.246826 0.132812 0.224976
8 0.764648 0.246826 0.129639 0.221924
8 0.360107 0.257080 0.142212 0.214111
8 0.527344 0.260986 0.154663 0.218750
8 0.066406 0.285889 0.132812 0.243774
8 0.256348 0.291504 0.118774 0.160889
8 0.908691 0.036713 0.142212 0.073425
8 0.932129 0.509277 0.135986 0.231201
8 0.617188 0.051575 0.109375 0.103149
8 0.810059 0.520996 0.151611 0.242188
8 0.204712 0.053894 0.146851 0.107788
8 0.671875 0.533691 0.150024 0.254639
8 0.225830 0.553711 0.160889 0.257812
8 0.377441 0.553711 0.151611 0.264160
8 0.524902 0.559570 0.143799 0.231201
8 0.078918 0.563965 0.157837 0.256348
8 0.492188 0.059387 0.125000 0.118774
8 0.758789 0.060944 0.142212 0.121887
8 0.355469 0.065613 0.132812 0.128174
8 0.653320 0.757812 0.159424 0.221924
8 0.064819 0.076538 0.129639 0.150024
8 0.919434 0.760742 0.160889 0.237549
8 0.240601 0.763184 0.156250 0.164062
8 0.516602 0.782227 0.145264 0.210938
8 0.799805 0.786621 0.159424 0.248413
8 0.092957 0.799805 0.154663 0.218750
8 0.378174 0.801758 0.159424 0.175049