8 0.882812 0.778320 0.071899 0.068726
8 0.765625 0.787598 0.075012 0.099976
8 0.682129 0.790039 0.076538 0.035950
8 0.600098 0.805664 0.078125 0.054688
8 0.519531 0.817871 0.082825 0.114075
8 0.438965 0.821777 0.106262 0.112488
8 0.302246 0.855469 0.114075 0.148438
8 0.187500 0.856445 0.118774 0.150024
8 0.928711 0.857910 0.092163 0.134399
8 0.069519 0.861816 0.123413 0.139038
8 0.864258 0.862305 0.071899 0.137451
8 0.696289 0.868164 0.092163 0.129639
8 0.793945 0.877441 0.090637 0.095337
8 0.615723 0.881348 0.090637 0.099976
8 0.521973 0.895508 0.081238 0.071899
8 0.435059 0.895508 0.098450 0.065613
8 0.441406 0.180420 0.107788 0.192139
8 0.625000 0.182861 0.106262 0.196899
8 0.538086 0.194580 0.104675 0.195312
8 0.983398 0.198486 0.032806 0.175049
8 0.719727 0.202393 0.107788 0.176514
8 0.946289 0.211670 0.064087 0.182861
8 0.887695 0.213257 0.103149 0.170288
8 0.807617 0.218018 0.090637 0.167236
8 0.052338 0.228149 0.104675 0.068726
8 0.152344 0.237549 0.142212 0.062500
8 0.297607 0.247681 0.129639 0.054688
8 0.089050 0.305420 0.131226 0.070312
8 0.291504 0.352295 0.101562 0.160889
8 0.635742 0.355469 0.137451 0.085938
8 0.021881 0.359375 0.043762 0.168701
8 0.206299 0.361816 0.081238 0.148438
8 0.110962 0.407715 0.140625 0.175049
8 0.972656 0.437500 0.054688 0.156250
8 0.905273 0.442139 0.079712 0.162476
8 0.835938 0.446045 0.112488 0.176514
8 0.695312 0.446777 0.093750 0.162476
8 0.764160 0.451660 0.084351 0.165649
8 0.425049 0.453857 0.099976 0.164062
8 0.621094 0.460205 0.110962 0.154663
8 0.507812 0.468750 0.115601 0.150024
8 0.300781 0.495361 0.117188 0.065613
8 0.181274 0.497559 0.137451 0.092163
8 0.916992 0.571777 0.109375 0.084351
8 0.305420 0.606934 0.101562 0.135986
8 0.107788 0.609375 0.078125 0.134399
8 0.202393 0.632812 0.107788 0.137451
8 0.038269 0.640625 0.070312 0.090637
8 0.053131 0.066406 0.106262 0.132812
8 0.787598 0.667969 0.075012 0.151611
8 0.933594 0.667969 0.076538 0.120300
8 0.846191 0.669434 0.079712 0.157837
8 0.725586 0.674805 0.085938 0.121887
8 0.653809 0.683594 0.092163 0.132812
8 0.430420 0.683594 0.085938 0.148438
8 0.575195 0.686035 0.075012 0.153076
8 0.493652 0.693848 0.078125 0.171875
8 0.099976 0.700195 0.081238 0.049988
8 0.307861 0.703125 0.103149 0.062500
8 0.171875 0.070312 0.118774 0.140625
8 0.292969 0.075012 0.120300 0.150024
8 0.967773 0.773438 0.064087 0.093750