8 0.738281 0.736816 0.139038 0.229736
8 0.103149 0.171875 0.099976 0.118774
8 0.814941 0.099976 0.064087 0.118774
8 0.827148 0.589844 0.089050 0.160889
8 0.877930 0.768066 0.065613 0.295410
8 0.937500 0.720215 0.056244 0.171875
8 0.960938 0.704590 0.065613 0.159424
8 0.771973 0.853027 0.078125 0.224976
8 0.678223 0.885254 0.103149 0.167236
8 0.132812 0.067200 0.081238 0.128174
8 0.125732 0.485840 0.082825 0.203125
8 0.278076 0.304688 0.087524 0.112488
8 0.393799 0.165649 0.062500 0.068726
8 0.379639 0.229736 0.034363 0.084351
8 0.468018 0.192993 0.039062 0.092163
8 0.642090 0.265625 0.081238 0.212524
8 0.344482 0.726562 0.157837 0.168701
8 0.599121 0.915039 0.098450 0.170288
8 0.461670 0.903320 0.164062 0.181274
8 0.503906 0.951660 0.126587 0.093750
8 0.648438 0.494629 0.071899 0.239014
8 0.701660 0.399170 0.053131 0.107788
8 0.842773 0.446045 0.126587 0.154663
8 0.226562 0.740723 0.084351 0.193726
8 0.088257 0.782227 0.067200 0.267090
8 0.514160 0.715820 0.106262 0.171875
8 0.696777 0.084351 0.078125 0.075012
8 0.885742 0.201538 0.078125 0.112488
8 0.959961 0.337402 0.079712 0.084351
8 0.965820 0.417236 0.068726 0.099976
8 0.517090 0.114868 0.046875 0.076538
8 0.665527 0.029694 0.065613 0.059387
8 0.538086 0.378174 0.154663 0.087524
8 0.428223 0.380371 0.081238 0.079712
8 0.273438 0.407715 0.075012 0.143799
8 0.272705 0.489746 0.073425 0.098450
8 0.727539 0.972656 0.154663 0.054688
8 0.833008 0.842285 0.049988 0.271973
8 0.804688 0.253906 0.059387 0.132812
8 0.584961 0.306152 0.076538 0.071899
8 0.705566 0.630371 0.067200 0.160889
8 0.210205 0.325684 0.051575 0.082825
8 0.625000 0.750977 0.121887 0.126587
8 0.722656 0.220337 0.082825 0.153076
8 0.969727 0.152344 0.060944 0.085938
8 0.860352 0.292236 0.076538 0.125000
8 0.735840 0.548340 0.078125 0.143799
8 0.623535 0.107056 0.059387 0.082825
8 0.042969 0.588867 0.076538 0.171875
8 0.049225 0.942383 0.079712 0.115601
8 0.028122 0.806152 0.049988 0.203125
8 0.307129 0.948242 0.145264 0.093750
8 0.446045 0.715820 0.060944 0.165649
8 0.496094 0.534180 0.085938 0.199951
8 0.570312 0.675781 0.078125 0.279785
8 0.511719 0.282715 0.098450 0.109375
8 0.956055 0.922852 0.087524 0.154663
8 0.217163 0.593750 0.065613 0.121887