8 0.597656 0.783691 0.129639 0.164062
8 0.391357 0.786621 0.114075 0.207764
8 0.491455 0.787598 0.123413 0.206299
8 0.306152 0.819336 0.106262 0.157837
8 0.204712 0.821777 0.106262 0.140625
8 0.698242 0.825684 0.093750 0.126587
8 0.037506 0.828125 0.075012 0.140625
8 0.950684 0.830566 0.089050 0.120300
8 0.864258 0.831055 0.081238 0.112488
8 0.785156 0.836914 0.082825 0.110962
8 0.579590 0.142944 0.109375 0.192139
8 0.303955 0.150024 0.107788 0.184326
8 0.474121 0.154663 0.117188 0.175049
8 0.208618 0.160156 0.092163 0.164062
8 0.031250 0.160889 0.062500 0.162476
8 0.389160 0.162476 0.078125 0.159424
8 0.108582 0.166382 0.104675 0.154663
8 0.823242 0.302246 0.118774 0.126587
8 0.618164 0.378906 0.023438 0.145264
8 0.571289 0.389893 0.082825 0.148438
8 0.488281 0.390625 0.082825 0.143799
8 0.356934 0.396973 0.082825 0.137451
8 0.149170 0.398438 0.045319 0.131226
8 0.205444 0.400879 0.085938 0.145264
8 0.021088 0.400879 0.042175 0.139038
8 0.089050 0.399902 0.090637 0.128174
8 0.283691 0.400879 0.064087 0.126587
8 0.427246 0.401611 0.060944 0.106262
8 0.705566 0.503906 0.104675 0.098450
8 0.950195 0.510742 0.081238 0.096863
8 0.861816 0.513184 0.092163 0.085938
8 0.516602 0.526367 0.095337 0.137451
8 0.599121 0.532227 0.089050 0.129639
8 0.427246 0.535156 0.073425 0.123413
8 0.225830 0.538086 0.098450 0.120300
8 0.295410 0.561523 0.081238 0.148438
8 0.356934 0.567871 0.073425 0.132812
8 0.153931 0.571289 0.092163 0.126587
8 0.021881 0.574219 0.043762 0.129639
8 0.076538 0.584473 0.068726 0.140625
8 0.706055 0.600586 0.106262 0.151611
8 0.791992 0.610840 0.084351 0.121887
8 0.877441 0.614258 0.092163 0.121887
8 0.960938 0.614746 0.078125 0.114075
8 0.709961 0.066406 0.101562 0.132812
8 0.709961 0.735840 0.101562 0.090637
8 0.037506 0.752441 0.075012 0.129639
8 0.110168 0.752441 0.107788 0.126587