8 0.075012 0.649414 0.090637 0.145264
8 0.169556 0.660156 0.089050 0.135986
8 0.245361 0.666504 0.112488 0.148438
8 0.341309 0.674316 0.114075 0.157837
8 0.450684 0.682129 0.107788 0.164062
8 0.583496 0.716309 0.120300 0.110962
8 0.867188 0.726562 0.128174 0.171875
8 0.679688 0.735840 0.096863 0.096863
8 0.759277 0.744629 0.090637 0.107788
8 0.036713 0.784180 0.073425 0.134399
8 0.126587 0.793945 0.103149 0.140625
8 0.464844 0.079712 0.139038 0.121887
8 0.212524 0.804688 0.118774 0.128174
8 0.333496 0.816406 0.107788 0.151611
8 0.343018 0.082825 0.135986 0.131226
8 0.442871 0.830566 0.123413 0.151611
8 0.578125 0.872070 0.106262 0.096863
8 0.672852 0.875000 0.101562 0.112488
8 0.757812 0.877930 0.096863 0.090637
8 0.212524 0.090637 0.128174 0.128174
8 0.864258 0.905273 0.115601 0.095337
8 0.072632 0.912598 0.132812 0.131226
8 0.100769 0.092957 0.117188 0.114075
8 0.196899 0.927246 0.118774 0.129639
8 0.300049 0.936035 0.121887 0.128174
8 0.425049 0.959473 0.156250 0.081238
8 0.609375 0.960938 0.168701 0.078125
8 0.030472 0.118774 0.060944 0.106262
8 0.731445 0.174194 0.131226 0.164062
8 0.590820 0.185181 0.128174 0.148438
8 0.867188 0.186768 0.131226 0.132812
8 0.436768 0.191406 0.135986 0.145264
8 0.319580 0.192993 0.114075 0.145264
8 0.100769 0.203857 0.107788 0.120300
8 0.207031 0.203857 0.110962 0.132812
8 0.140625 0.337402 0.109375 0.121887
8 0.244507 0.339111 0.098450 0.115601
8 0.046875 0.343018 0.084351 0.104675
8 0.335938 0.346191 0.103149 0.114075
8 0.442871 0.346191 0.114075 0.123413
8 0.658691 0.379639 0.110962 0.134399
8 0.574219 0.382812 0.098450 0.118774
8 0.739746 0.384277 0.098450 0.121887
8 0.899902 0.385254 0.071899 0.129639
8 0.817383 0.386719 0.118774 0.126587
8 0.064087 0.490723 0.090637 0.103149
8 0.158569 0.495361 0.104675 0.112488
8 0.262451 0.497559 0.118774 0.120300
8 0.364746 0.506348 0.132812 0.121887
8 0.449219 0.511719 0.110962 0.120300
8 0.686523 0.514160 0.160889 0.131226
8 0.576660 0.519531 0.103149 0.114075
8 0.826660 0.529785 0.150024 0.143799