8 0.509277 0.240601 0.228149 0.184326
8 0.383545 0.378174 0.195312 0.118774
8 0.603027 0.378906 0.199951 0.120300
8 0.791504 0.434326 0.185913 0.099976
8 0.183594 0.447754 0.182861 0.129639
8 0.380371 0.514160 0.220337 0.159424
8 0.604492 0.514160 0.221924 0.159424
8 0.813965 0.550781 0.196899 0.126587
8 0.192139 0.557129 0.146851 0.114075
8 0.575195 0.627441 0.156250 0.098450
8 0.406982 0.631348 0.157837 0.106262
8 0.845215 0.640625 0.150024 0.118774
8 0.132080 0.646973 0.145264 0.115601
8 0.705566 0.671875 0.145264 0.115601
8 0.265625 0.693848 0.171875 0.106262
8 0.489746 0.735840 0.157837 0.121887
8 0.862305 0.752930 0.131226 0.115601
8 0.124207 0.764648 0.132812 0.117188
8 0.688965 0.778320 0.171875 0.093750
8 0.288330 0.782227 0.129639 0.110962
8 0.490723 0.849121 0.196899 0.142212
8 0.690430 0.878906 0.199951 0.145264
8 0.876465 0.881348 0.162476 0.131226
8 0.290527 0.889648 0.199951 0.145264
8 0.119507 0.906250 0.139038 0.075012
8 0.778809 0.210938 0.120300 0.343750
8 0.208618 0.211670 0.120300 0.342285