8 0.907227 0.196045 0.179688 0.110962
8 0.227295 0.197632 0.264160 0.101562
8 0.203125 0.301514 0.274902 0.109375
8 0.489014 0.305420 0.234375 0.107788
8 0.922852 0.307861 0.154663 0.093750
8 0.730469 0.309326 0.260986 0.140625
8 0.054688 0.360840 0.106262 0.081238
8 0.209351 0.415527 0.284424 0.109375
8 0.495361 0.419434 0.268799 0.148438
8 0.938477 0.433594 0.123413 0.114075
8 0.750977 0.432861 0.232788 0.115601
8 0.044525 0.438965 0.085938 0.078125
8 0.210205 0.519531 0.264160 0.092163
8 0.035950 0.520508 0.071899 0.075012
8 0.510254 0.531250 0.267090 0.109375
8 0.949219 0.539062 0.101562 0.099976
8 0.760254 0.541504 0.242188 0.114075
8 0.042969 0.608398 0.079712 0.092163
8 0.229736 0.617188 0.259277 0.103149
8 0.481201 0.622559 0.234375 0.089050
8 0.725098 0.627930 0.246826 0.096863
8 0.928223 0.636719 0.143799 0.104675
8 0.042969 0.708008 0.085938 0.096863
8 0.513184 0.710938 0.242188 0.103149
8 0.233643 0.714844 0.257812 0.092163
8 0.752930 0.718750 0.246826 0.103149
8 0.936035 0.730469 0.128174 0.092163