8 0.175049 0.365723 0.228149 0.253174
8 0.376465 0.395996 0.199951 0.248413
8 0.821777 0.395996 0.212524 0.251465
8 0.573242 0.403809 0.218750 0.251465
8 0.176514 0.613281 0.212524 0.239014
8 0.381348 0.627930 0.193726 0.215576
8 0.825684 0.631836 0.207764 0.223389
8 0.581055 0.654785 0.218750 0.246826
8 0.390625 0.864746 0.203125 0.220337
8 0.189087 0.864746 0.203125 0.254639
8 0.825195 0.875000 0.206299 0.250000
8 0.588867 0.886719 0.206299 0.223389
8 0.172607 0.121094 0.232788 0.235962
8 0.371826 0.135986 0.193726 0.243774
8 0.822754 0.142944 0.214111 0.257812
8 0.575684 0.146118 0.220337 0.267090