8 0.075806 0.122681 0.151611 0.245361
8 0.557129 0.158569 0.304688 0.039062
8 0.858398 0.171875 0.282715 0.068726
8 0.249268 0.174194 0.295410 0.026566
8 0.573242 0.199219 0.324951 0.054688
8 0.239868 0.204712 0.317139 0.037506
8 0.865723 0.222656 0.268799 0.032806
8 0.563477 0.228882 0.329590 0.045319
8 0.229736 0.250000 0.318848 0.056244
8 0.558594 0.273438 0.348389 0.056244
8 0.865723 0.280518 0.265625 0.067200
8 0.224243 0.307861 0.295410 0.037506
8 0.868164 0.338379 0.264160 0.079712
8 0.557617 0.341309 0.378174 0.092163
8 0.214844 0.349121 0.323486 0.045319
8 0.201538 0.385254 0.337402 0.042175
8 0.557617 0.417236 0.393799 0.087524
8 0.872070 0.428223 0.256348 0.078125
8 0.197632 0.429688 0.351562 0.049988
8 0.189087 0.471924 0.375000 0.071899
8 0.877441 0.474121 0.245361 0.023438
8 0.559570 0.490723 0.368652 0.068726
8 0.874023 0.495361 0.251465 0.018753
8 0.872559 0.512695 0.254639 0.018753
8 0.186768 0.549316 0.370361 0.110962
8 0.547852 0.558594 0.342285 0.089050
8 0.858398 0.559570 0.282715 0.071899
8 0.175781 0.634277 0.351562 0.075012
8 0.547852 0.636719 0.364014 0.114075
8 0.854004 0.637695 0.292236 0.112488
8 0.857910 0.067993 0.115601 0.135986
8 0.957031 0.067993 0.085938 0.135986
8 0.510742 0.070312 0.118774 0.140625
8 0.872070 0.712402 0.256348 0.031250
8 0.171875 0.717285 0.343750 0.099976
8 0.628906 0.071899 0.117188 0.143799
8 0.743652 0.072632 0.112488 0.145264
8 0.872559 0.738281 0.254639 0.045319
8 0.381348 0.080444 0.131226 0.157837
8 0.235962 0.082031 0.150024 0.164062