8 0.160156 0.239868 0.098450 0.029694
8 0.606934 0.246094 0.073425 0.032806
8 0.068726 0.265625 0.087524 0.037506
8 0.155518 0.271973 0.085938 0.031250
8 0.242920 0.270996 0.092163 0.039062
8 0.613281 0.273438 0.073425 0.028122
8 0.524414 0.286621 0.085938 0.039062
8 0.064819 0.297607 0.092163 0.032806
8 0.158569 0.300049 0.095337 0.031250
8 0.250732 0.300781 0.092163 0.032806
8 0.606934 0.318848 0.085938 0.037506
8 0.520996 0.322754 0.085938 0.032806
8 0.256348 0.327393 0.090637 0.035950
8 0.161743 0.329590 0.092163 0.031250
8 0.066406 0.331299 0.095337 0.031250
8 0.342285 0.346191 0.090637 0.039062
8 0.431152 0.346924 0.084351 0.037506
8 0.606445 0.352295 0.087524 0.032806
8 0.950684 0.399170 0.098450 0.192139
8 0.414062 0.413330 0.093750 0.129639
8 0.511719 0.417236 0.095337 0.140625
8 0.321045 0.423340 0.092163 0.131226
8 0.126587 0.425049 0.090637 0.153076
8 0.886719 0.425781 0.089050 0.151611
8 0.704102 0.428223 0.089050 0.156250
8 0.797852 0.428223 0.092163 0.156250
8 0.223389 0.428223 0.093750 0.156250
8 0.038269 0.428955 0.073425 0.157837
8 0.607910 0.429688 0.090637 0.153076
8 0.589844 0.627930 0.098450 0.043762
8 0.761719 0.634277 0.057800 0.093750
8 0.085144 0.653809 0.120300 0.082825
8 0.496094 0.660156 0.070312 0.095337
8 0.686523 0.660156 0.089050 0.048431
8 0.592773 0.699219 0.092163 0.101562
8 0.692383 0.700684 0.093750 0.032806
8 0.042175 0.073425 0.081238 0.134399
8 0.782227 0.720215 0.076538 0.125000
8 0.053131 0.727539 0.106262 0.117188
8 0.130493 0.075806 0.095337 0.132812
8 0.842773 0.761719 0.070312 0.279785
8 0.909180 0.764160 0.068726 0.284424
8 0.969727 0.764160 0.060944 0.278076
8 0.229736 0.805664 0.096863 0.189087
8 0.700195 0.809570 0.103149 0.190674
8 0.487549 0.811523 0.099976 0.182861
8 0.316406 0.815430 0.092163 0.178101
8 0.402344 0.815430 0.079712 0.178101
8 0.140625 0.819336 0.087524 0.173462
8 0.418701 0.083618 0.090637 0.142212
8 0.783691 0.838867 0.064087 0.118774
8 0.588379 0.842285 0.132812 0.121887
8 0.046082 0.846191 0.092163 0.110962
8 0.237549 0.087524 0.090637 0.156250
8 0.328125 0.087524 0.090637 0.153076
8 0.508789 0.089050 0.089050 0.153076
8 0.597656 0.091431 0.089050 0.154663
8 0.687500 0.092163 0.087524 0.153076
8 0.782227 0.093750 0.089050 0.153076
8 0.871094 0.093750 0.085938 0.153076