8 0.268066 0.365723 0.129639 0.243774
8 0.031250 0.368652 0.062500 0.240601
8 0.137451 0.371094 0.140625 0.251465
8 0.563477 0.373535 0.139038 0.240601
8 0.693848 0.373535 0.137451 0.240601
8 0.399902 0.376465 0.146851 0.243774
8 0.838867 0.376465 0.143799 0.243774
8 0.533691 0.643066 0.117188 0.182861
8 0.633789 0.651367 0.123413 0.196899
8 0.438232 0.658691 0.142212 0.210938
8 0.754883 0.658691 0.103149 0.207764
8 0.865723 0.658691 0.131226 0.207764
8 0.192139 0.660156 0.118774 0.210938
8 0.069519 0.659180 0.123413 0.218750
8 0.315674 0.661133 0.121887 0.218750
8 0.522461 0.081238 0.129639 0.162476
8 0.657227 0.081238 0.129639 0.162476
8 0.272705 0.083618 0.145264 0.167236
8 0.037506 0.083618 0.075012 0.167236
8 0.395996 0.084351 0.123413 0.168701
8 0.143799 0.085144 0.156250 0.170288
8 0.811035 0.086731 0.150024 0.173462
8 0.943848 0.086731 0.112488 0.173462
8 0.893555 0.868652 0.115601 0.099976
8 0.352295 0.868652 0.114075 0.099976
8 0.114075 0.870117 0.121887 0.099976
8 0.790039 0.870117 0.123413 0.096863
8 0.456299 0.871094 0.096863 0.098450
8 0.681152 0.872070 0.106262 0.093750
8 0.237549 0.871094 0.118774 0.101562
8 0.567383 0.872070 0.118774 0.096863