8 0.199219 0.122681 0.217163 0.245361
8 0.618164 0.221924 0.207764 0.443848
8 0.400879 0.253906 0.189087 0.436035
8 0.766602 0.303223 0.270264 0.443848
8 0.127319 0.336670 0.214111 0.420410
8 0.249268 0.354004 0.264160 0.398438
8 0.533691 0.358643 0.179688 0.354736
8 0.834473 0.360840 0.331299 0.284424
8 0.564941 0.557129 0.292236 0.207764
8 0.053131 0.596191 0.106262 0.339111
8 0.819336 0.646973 0.354736 0.340576
8 0.248413 0.713867 0.321777 0.346924
8 0.534180 0.750000 0.312500 0.315674
8 0.823242 0.762695 0.315674 0.290527
8 0.184326 0.800781 0.368652 0.210938