8 0.738281 0.736816 0.139038 0.229736
8 0.103882 0.171875 0.098450 0.118774
8 0.814941 0.100769 0.064087 0.120300
8 0.827148 0.589844 0.089050 0.160889
8 0.877930 0.768066 0.065613 0.295410
8 0.938477 0.720215 0.057800 0.171875
8 0.960938 0.705566 0.065613 0.160889
8 0.772461 0.853027 0.079712 0.224976
8 0.678223 0.885254 0.103149 0.167236
8 0.132812 0.067993 0.081238 0.129639
8 0.126587 0.485840 0.081238 0.203125
8 0.278809 0.305420 0.089050 0.114075
8 0.394531 0.166382 0.060944 0.067200
8 0.380371 0.230469 0.035950 0.085938
8 0.468018 0.192993 0.039062 0.092163
8 0.642090 0.266357 0.081238 0.214111
8 0.344482 0.726562 0.157837 0.168701
8 0.599121 0.915039 0.098450 0.170288
8 0.461670 0.903809 0.164062 0.182861
8 0.503906 0.951660 0.126587 0.093750
8 0.649414 0.494629 0.073425 0.239014
8 0.702148 0.399170 0.054688 0.107788
8 0.842773 0.446045 0.126587 0.154663
8 0.226562 0.740723 0.084351 0.193726
8 0.088257 0.782227 0.067200 0.267090
8 0.514160 0.715820 0.106262 0.171875
8 0.696777 0.084351 0.078125 0.075012
8 0.886719 0.201538 0.079712 0.112488
8 0.959961 0.338379 0.079712 0.085938
8 0.965820 0.417969 0.068726 0.101562
8 0.518066 0.114868 0.048431 0.076538
8 0.665527 0.029694 0.065613 0.059387
8 0.539062 0.378174 0.156250 0.087524
8 0.428223 0.380371 0.081238 0.079712
8 0.273438 0.408691 0.075012 0.145264
8 0.272705 0.490723 0.073425 0.099976
8 0.727539 0.972656 0.154663 0.054688
8 0.833008 0.842773 0.049988 0.273438
8 0.804688 0.253906 0.059387 0.132812
8 0.585938 0.307129 0.075012 0.070312
8 0.705566 0.630371 0.067200 0.160889
8 0.210938 0.325684 0.053131 0.082825
8 0.625000 0.751465 0.121887 0.128174
8 0.722656 0.220337 0.082825 0.153076
8 0.969727 0.153076 0.060944 0.087524
8 0.860352 0.292969 0.076538 0.126587
8 0.735840 0.549316 0.078125 0.145264
8 0.623535 0.107056 0.059387 0.082825
8 0.043762 0.588867 0.078125 0.171875
8 0.049225 0.942383 0.079712 0.115601
8 0.028900 0.807129 0.051575 0.204712
8 0.307129 0.948242 0.145264 0.093750
8 0.446045 0.715820 0.060944 0.165649
8 0.496094 0.534180 0.085938 0.199951
8 0.570312 0.676758 0.078125 0.281250
8 0.511719 0.282715 0.098450 0.109375
8 0.956055 0.922852 0.087524 0.154663
8 0.217163 0.593750 0.065613 0.121887