8 0.620117 0.094543 0.115601 0.189087
8 0.403809 0.095337 0.085938 0.190674
8 0.160889 0.096069 0.137451 0.192139
8 0.765625 0.097656 0.109375 0.148438
8 0.232788 0.098450 0.059387 0.193726
8 0.877441 0.101562 0.110962 0.143799
8 0.924805 0.110962 0.150024 0.125000
8 0.024216 0.334473 0.048431 0.193726
8 0.764160 0.334473 0.090637 0.178101
8 0.587402 0.335205 0.118774 0.195312
8 0.480469 0.335938 0.098450 0.187500
8 0.855469 0.336670 0.092163 0.173462
8 0.945312 0.337402 0.096863 0.153076
8 0.284424 0.338379 0.109375 0.192139
8 0.111694 0.338379 0.123413 0.189087
8 0.371826 0.340576 0.112488 0.184326
8 0.682129 0.342285 0.089050 0.181274
8 0.190674 0.343018 0.078125 0.176514
8 0.971191 0.561035 0.057800 0.184326
8 0.621094 0.571289 0.114075 0.195312
8 0.718750 0.570312 0.103149 0.190674
8 0.895996 0.571289 0.101562 0.192139
8 0.809570 0.574219 0.099976 0.185913
8 0.520996 0.575684 0.110962 0.185913
8 0.245361 0.581055 0.106262 0.187500
8 0.053131 0.582031 0.103149 0.195312
8 0.345215 0.582031 0.093750 0.189087
8 0.434326 0.582031 0.115601 0.185913
8 0.146851 0.585938 0.103149 0.187500
8 0.967285 0.743164 0.065613 0.135986
8 0.617188 0.750977 0.087524 0.145264
8 0.707031 0.756836 0.101562 0.157837
8 0.811523 0.759277 0.110962 0.159424
8 0.904785 0.760742 0.087524 0.153076
8 0.533691 0.766602 0.095337 0.179688
8 0.441406 0.768066 0.098450 0.170288
8 0.085144 0.769531 0.085938 0.098450
8 0.163330 0.774414 0.082825 0.160889
8 0.340576 0.775879 0.103149 0.176514
8 0.245361 0.777344 0.084351 0.176514
8 0.027344 0.788086 0.054688 0.176514
8 0.975098 0.887695 0.049988 0.056244
8 0.909180 0.887695 0.081238 0.059387
8 0.741211 0.888184 0.092163 0.051575
8 0.647461 0.889648 0.092163 0.051575
8 0.825195 0.890625 0.075012 0.053131
8 0.550781 0.891602 0.101562 0.048431
8 0.131226 0.895996 0.056244 0.039062
8 0.377441 0.895508 0.082825 0.040619
8 0.281250 0.895996 0.106262 0.039062
8 0.457031 0.895996 0.082825 0.039062
8 0.067200 0.896973 0.071899 0.037506
8 0.196045 0.901367 0.079712 0.028122
8 0.097656 0.090637 0.051575 0.181274
8 0.036713 0.090637 0.073425 0.181274
8 0.500977 0.092163 0.110962 0.184326
8 0.306152 0.093750 0.109375 0.187500