8 0.738281 0.119507 0.345215 0.098450
8 0.186768 0.139893 0.267090 0.076538
8 0.740723 0.208618 0.378174 0.095337
8 0.186768 0.215576 0.270264 0.078125
8 0.181274 0.303955 0.268799 0.095337
8 0.756836 0.315674 0.367188 0.146851
8 0.453125 0.378906 0.218750 0.064087
8 0.779785 0.400879 0.368652 0.098450
8 0.163330 0.421875 0.295410 0.121887
8 0.456299 0.438965 0.246826 0.078125
8 0.791992 0.485107 0.390625 0.079712
8 0.451660 0.506348 0.231201 0.081238
8 0.157837 0.532227 0.312500 0.120300
8 0.780273 0.557129 0.385986 0.079712
8 0.449219 0.584473 0.264160 0.081238
8 0.751465 0.059387 0.353027 0.087524
8 0.146118 0.632812 0.289062 0.090637
8 0.786621 0.635254 0.407715 0.073425
8 0.446045 0.652344 0.260986 0.051575
8 0.791504 0.740723 0.389160 0.075012
8 0.446045 0.782715 0.273438 0.093750
8 0.768066 0.807129 0.379639 0.057800
8 0.427246 0.849121 0.289062 0.057800
8 0.739746 0.860840 0.382812 0.062500