8 0.682129 0.081238 0.195312 0.159424
8 0.468018 0.080444 0.192139 0.160889
8 0.951660 0.082031 0.093750 0.160889
8 0.553711 0.816406 0.170288 0.229736
8 0.923340 0.819336 0.146851 0.220337
8 0.741211 0.821777 0.220337 0.215576
8 0.270996 0.082825 0.195312 0.162476
8 0.310059 0.829102 0.235962 0.201538
8 0.132080 0.833008 0.195312 0.190674
8 0.085938 0.097656 0.171875 0.195312
8 0.878906 0.209351 0.198486 0.121887
8 0.686035 0.225830 0.203125 0.101562
8 0.478027 0.227295 0.184326 0.098450
8 0.286621 0.231201 0.201538 0.099976
8 0.091431 0.242920 0.179688 0.079712
8 0.477295 0.502930 0.198486 0.406250
8 0.297607 0.504883 0.214111 0.403076
8 0.668945 0.506348 0.206299 0.409424
8 0.095337 0.512695 0.190674 0.409424
8 0.868652 0.523438 0.234375 0.381348
8 0.833496 0.074219 0.123413 0.148438