8 0.686035 0.786133 0.143799 0.171875
8 0.524902 0.820312 0.187500 0.187500
8 0.337402 0.852539 0.121887 0.148438
8 0.205444 0.868164 0.148438 0.126587
8 0.081238 0.887695 0.125000 0.084351
8 0.862305 0.251465 0.099976 0.115601
8 0.725586 0.260986 0.107788 0.118774
8 0.264893 0.262451 0.160889 0.178101
8 0.583008 0.269531 0.112488 0.120300
8 0.423340 0.278809 0.125000 0.126587
8 0.070312 0.302246 0.140625 0.139038
8 0.689941 0.034363 0.173462 0.068726
8 0.867188 0.036713 0.165649 0.070312
8 0.495361 0.036713 0.199951 0.073425
8 0.988281 0.390625 0.023438 0.059387
8 0.981934 0.448486 0.035950 0.109375
8 0.879883 0.481934 0.103149 0.157837
8 0.777344 0.489746 0.101562 0.164062
8 0.976562 0.494629 0.046875 0.142212
8 0.678711 0.503906 0.089050 0.176514
8 0.604004 0.515625 0.107788 0.175049
8 0.474121 0.528809 0.104675 0.195312
8 0.962402 0.548340 0.046875 0.131226
8 0.365723 0.549805 0.121887 0.187500
8 0.262451 0.563965 0.090637 0.184326
8 0.930664 0.570312 0.042175 0.137451
8 0.193726 0.571289 0.090637 0.198486
8 0.099243 0.585938 0.135986 0.206299
8 0.868164 0.769531 0.095337 0.110962