8 0.542969 0.121887 0.164062 0.243774
8 0.709473 0.126587 0.159424 0.253174
8 0.874023 0.136719 0.173462 0.273438
8 0.153931 0.344482 0.235962 0.389160
8 0.367920 0.359375 0.207764 0.368652
8 0.544434 0.395264 0.173462 0.306152
8 0.883789 0.414795 0.182861 0.295410
8 0.712402 0.416504 0.181274 0.313965
8 0.545898 0.701660 0.179688 0.318848
8 0.150024 0.713867 0.228149 0.371826
8 0.370361 0.727539 0.212524 0.357910
8 0.723633 0.731445 0.181274 0.340576
8 0.900879 0.735352 0.195312 0.339111
8 0.158569 0.077332 0.226562 0.154663
8 0.367920 0.085938 0.207764 0.171875