8 0.202393 0.101562 0.114075 0.062500
8 0.421143 0.105469 0.117188 0.067200
8 0.321045 0.109375 0.120300 0.071899
8 0.185181 0.229736 0.095337 0.237549
8 0.096069 0.233643 0.085938 0.235962
8 0.038269 0.237549 0.073425 0.243774
8 0.432129 0.237549 0.095337 0.240601
8 0.276611 0.259277 0.109375 0.256348
8 0.344482 0.271973 0.082825 0.240601
8 0.749023 0.285889 0.145264 0.334473
8 0.879883 0.303955 0.159424 0.335938
8 0.610352 0.303955 0.157837 0.301514
8 0.968750 0.314941 0.062500 0.282715
8 0.425049 0.033600 0.112488 0.067200
8 0.253174 0.034363 0.118774 0.068726
8 0.110168 0.039856 0.117188 0.076538
8 0.052338 0.494629 0.104675 0.235962
8 0.433594 0.505371 0.092163 0.229736
8 0.317139 0.506836 0.109375 0.257812
8 0.211670 0.509277 0.110962 0.256348
8 0.127319 0.510742 0.095337 0.237549
8 0.351562 0.511719 0.143799 0.245361
8 0.780273 0.053894 0.139038 0.107788
8 0.878906 0.553711 0.117188 0.245361
8 0.967285 0.556152 0.065613 0.237549
8 0.625977 0.571289 0.145264 0.282715
8 0.787598 0.576660 0.175049 0.306152
8 0.618164 0.064087 0.154663 0.125000
8 0.920898 0.063293 0.148438 0.126587
8 0.053131 0.779785 0.106262 0.218750
8 0.145264 0.786133 0.109375 0.218750
8 0.395996 0.795410 0.126587 0.253174
8 0.285156 0.800781 0.114075 0.235962
8 0.962402 0.803223 0.075012 0.240601
8 0.875000 0.805664 0.146851 0.232788
8 0.178955 0.807617 0.148438 0.196899
8 0.756348 0.811523 0.159424 0.226562
8 0.583496 0.814941 0.170288 0.220337