8 0.094543 0.794434 0.160889 0.176514
8 0.257812 0.796875 0.165649 0.206299
8 0.563477 0.811035 0.160889 0.146851
8 0.410889 0.814941 0.159424 0.220337
8 0.915039 0.851562 0.170288 0.162476
8 0.091431 0.252441 0.182861 0.329590
8 0.438232 0.264893 0.242188 0.335938
8 0.268799 0.272705 0.168701 0.270264
8 0.661133 0.285889 0.237549 0.337402
8 0.880371 0.307129 0.220337 0.348389
8 0.528809 0.034363 0.301514 0.065613
8 0.090637 0.461670 0.181274 0.089050
8 0.278076 0.486816 0.268799 0.082825
8 0.457031 0.493652 0.239014 0.112488
8 0.697754 0.509277 0.273438 0.109375
8 0.114868 0.618164 0.160889 0.170288
8 0.285156 0.621094 0.135986 0.160889
8 0.460205 0.638184 0.151611 0.164062
8 0.775879 0.648438 0.179688 0.156250
8 0.582031 0.665039 0.095337 0.160889
8 0.903809 0.741211 0.139038 0.082825
8 0.764648 0.762695 0.198486 0.125000