8 0.636719 0.782227 0.173462 0.073425
8 0.815430 0.808594 0.137451 0.101562
8 0.938477 0.833008 0.120300 0.109375
8 0.162476 0.093750 0.062500 0.131226
8 0.101562 0.103149 0.062500 0.128174
8 0.065613 0.110168 0.046875 0.117188
8 0.021881 0.114868 0.043762 0.104675
8 0.905273 0.196045 0.135986 0.192139
8 0.783691 0.203125 0.120300 0.175049
8 0.675781 0.210938 0.101562 0.171875
8 0.575195 0.218750 0.096863 0.153076
8 0.486816 0.234375 0.092163 0.150024
8 0.405518 0.251465 0.085938 0.140625
8 0.332764 0.253906 0.078125 0.135986
8 0.156250 0.262451 0.056244 0.125000
8 0.269531 0.265625 0.070312 0.128174
8 0.211670 0.266357 0.067200 0.120300
8 0.046875 0.268799 0.078125 0.112488
8 0.117188 0.274170 0.075012 0.120300
8 0.683594 0.035156 0.101562 0.070312
8 0.351562 0.419434 0.071899 0.142212
8 0.063293 0.421875 0.060944 0.115601
8 0.281250 0.422607 0.068726 0.135986
8 0.232788 0.424316 0.037506 0.129639
8 0.132080 0.425781 0.045319 0.120300
8 0.500977 0.426514 0.079712 0.143799
8 0.178955 0.427246 0.054688 0.126587
8 0.420410 0.435059 0.081238 0.145264
8 0.579590 0.438232 0.090637 0.151611
8 0.675781 0.450684 0.098450 0.160889
8 0.972656 0.453857 0.054688 0.185913
8 0.777344 0.454590 0.114075 0.178101
8 0.886719 0.467285 0.135986 0.187500
8 0.579102 0.049988 0.092163 0.099976
8 0.492188 0.050781 0.087524 0.101562
8 0.415527 0.057800 0.049988 0.115601
8 0.350830 0.062500 0.064087 0.125000
8 0.037506 0.670410 0.021881 0.125000
8 0.067993 0.688477 0.035950 0.104675
8 0.098450 0.695312 0.056244 0.121887
8 0.133545 0.697754 0.029694 0.132812
8 0.168701 0.707031 0.043762 0.129639
8 0.209351 0.709473 0.037506 0.137451
8 0.253906 0.728027 0.060944 0.118774
8 0.275879 0.073425 0.064087 0.143799
8 0.327393 0.739258 0.060944 0.137451
8 0.400879 0.755371 0.057800 0.154663
8 0.214844 0.076538 0.057800 0.137451
8 0.463379 0.764160 0.051575 0.168701