8 0.042969 0.092163 0.085938 0.181274
8 0.178955 0.096863 0.192139 0.190674
8 0.380371 0.096863 0.189087 0.193726
8 0.618164 0.432129 0.154663 0.320312
8 0.113281 0.432129 0.157837 0.329590
8 0.457031 0.434326 0.167236 0.328125
8 0.265625 0.436768 0.165649 0.326660
8 0.838867 0.439941 0.278076 0.329590
8 0.325684 0.778320 0.145264 0.256348
8 0.053894 0.779785 0.107788 0.262451
8 0.465576 0.778809 0.150024 0.257812
8 0.744629 0.784180 0.148438 0.259277
8 0.887695 0.783691 0.153076 0.248413
8 0.605469 0.786621 0.129639 0.267090