8 0.921875 0.103882 0.146851 0.207764
8 0.799805 0.111694 0.165649 0.223389
8 0.310059 0.114868 0.157837 0.226562
8 0.661133 0.116394 0.175049 0.232788
8 0.538086 0.117981 0.170288 0.235962
8 0.203857 0.119507 0.151611 0.239014
8 0.422607 0.126587 0.173462 0.250000
8 0.095337 0.129639 0.168701 0.259277
8 0.881348 0.417236 0.206299 0.418701
8 0.128906 0.423340 0.210938 0.378174
8 0.738281 0.423340 0.201538 0.409424
8 0.604492 0.425049 0.196899 0.396973
8 0.232788 0.425781 0.199951 0.373535
8 0.474121 0.430420 0.207764 0.398438
8 0.056244 0.435059 0.112488 0.370361
8 0.347656 0.440674 0.198486 0.378174
8 0.946289 0.761719 0.107788 0.323486
8 0.058594 0.768066 0.117188 0.317139
8 0.537598 0.770508 0.196899 0.296875
8 0.142944 0.769531 0.192139 0.298340
8 0.265625 0.770508 0.184326 0.300049
8 0.827148 0.770996 0.185913 0.295410
8 0.393799 0.771973 0.190674 0.293701
8 0.689941 0.774414 0.198486 0.298340