8 0.513184 0.189087 0.254639 0.237549
8 0.807129 0.207764 0.279785 0.068726
8 0.191406 0.239868 0.348389 0.201538
8 0.813965 0.274902 0.312500 0.084351
8 0.520996 0.035156 0.223389 0.067200
8 0.819336 0.395264 0.320312 0.175049
8 0.518066 0.446045 0.260986 0.298340
8 0.186768 0.475830 0.370361 0.239014
8 0.826660 0.530273 0.306152 0.095337
8 0.831055 0.596680 0.318848 0.096863
8 0.210938 0.064819 0.334473 0.129639
8 0.831055 0.698242 0.331299 0.178101
8 0.513184 0.700684 0.292236 0.248413
8 0.182861 0.727539 0.359375 0.223389
8 0.796875 0.078918 0.296875 0.157837
8 0.830566 0.825684 0.339111 0.110962