8 0.175781 0.817383 0.048431 0.140625
8 0.621094 0.829102 0.195312 0.195312
8 0.441406 0.834961 0.151611 0.198486
8 0.225830 0.856934 0.051575 0.145264
8 0.099243 0.216431 0.126587 0.073425
8 0.233643 0.260986 0.082825 0.078125
8 0.160156 0.310059 0.060944 0.148438
8 0.116394 0.313965 0.042175 0.121887
8 0.323486 0.314941 0.099976 0.223389
8 0.084351 0.317139 0.037506 0.115601
8 0.216431 0.347656 0.132812 0.123413
8 0.414795 0.411621 0.157837 0.317139
8 0.579590 0.420410 0.187500 0.368652
8 0.813965 0.446777 0.312500 0.518555
8 0.037506 0.520508 0.046875 0.137451
8 0.083618 0.553223 0.067200 0.178101
8 0.142944 0.588379 0.070312 0.164062
8 0.238281 0.596680 0.051575 0.125000
8 0.039062 0.678223 0.075012 0.165649
8 0.277344 0.694336 0.060944 0.179688
8 0.210205 0.697754 0.067200 0.079712
8 0.346191 0.729492 0.089050 0.237549
8 0.102356 0.750000 0.048431 0.125000