8 0.079712 0.111694 0.159424 0.223389
8 0.471924 0.113281 0.234375 0.226562
8 0.235107 0.117188 0.198486 0.234375
8 0.703125 0.118774 0.206299 0.237549
8 0.937500 0.120300 0.125000 0.240601
8 0.599121 0.360107 0.151611 0.229736
8 0.456299 0.373535 0.181274 0.256348
8 0.266357 0.384277 0.160889 0.278076
8 0.770996 0.389160 0.167236 0.274902
8 0.916504 0.397705 0.167236 0.282715
8 0.099976 0.398438 0.199951 0.306152
8 0.110962 0.671875 0.187500 0.331299
8 0.300049 0.671875 0.206299 0.331299
8 0.604004 0.675781 0.160889 0.313965
8 0.747070 0.678711 0.203125 0.313965
8 0.923340 0.680664 0.153076 0.317139
8 0.453857 0.687500 0.189087 0.328125