8 0.737305 0.107056 0.056244 0.048431
8 0.636719 0.112488 0.060944 0.068726
8 0.477295 0.118774 0.067200 0.062500
8 0.691406 0.118774 0.051575 0.034363
8 0.592773 0.129639 0.039062 0.096863
8 0.540527 0.134399 0.075012 0.128174
8 0.107056 0.159424 0.067200 0.137451
8 0.062500 0.164795 0.028122 0.114075
8 0.343750 0.167969 0.056244 0.135986
8 0.028900 0.170288 0.054688 0.099976
8 0.203857 0.175049 0.060944 0.131226
8 0.303955 0.175781 0.085938 0.145264
8 0.157837 0.177368 0.040619 0.123413
8 0.724121 0.179688 0.073425 0.106262
8 0.410889 0.180420 0.078125 0.135986
8 0.856934 0.183594 0.070312 0.129639
8 0.253906 0.184326 0.054688 0.121887
8 0.635742 0.183594 0.075012 0.095337
8 0.976562 0.185913 0.046875 0.131226
8 0.927246 0.189819 0.076538 0.117188
8 0.788086 0.190674 0.070312 0.109375
8 0.474121 0.197632 0.076538 0.098450
8 0.577148 0.203125 0.070312 0.053131
8 0.123413 0.251465 0.068726 0.087524
8 0.042175 0.253906 0.071899 0.076538
8 0.187500 0.262451 0.062500 0.071899
8 0.417236 0.268066 0.068726 0.082825
8 0.578125 0.268066 0.078125 0.073425
8 0.713379 0.267090 0.082825 0.087524
8 0.645508 0.269531 0.075012 0.079712
8 0.356934 0.270264 0.054688 0.078125
8 0.949219 0.270996 0.079712 0.098450
8 0.298340 0.270264 0.065613 0.071899
8 0.246826 0.271973 0.056244 0.065613
8 0.885254 0.273438 0.057800 0.087524
8 0.835938 0.275879 0.053131 0.079712
8 0.468018 0.277344 0.051575 0.067200
8 0.782715 0.278076 0.068726 0.071899
8 0.116394 0.417236 0.082825 0.087524
8 0.036713 0.420410 0.060944 0.075012
8 0.704590 0.421875 0.087524 0.109375
8 0.632812 0.424316 0.075012 0.098450
8 0.770996 0.425781 0.060944 0.107788
8 0.288330 0.425781 0.079712 0.082825
8 0.577148 0.426514 0.057800 0.084351
8 0.217163 0.428955 0.071899 0.076538
8 0.166382 0.429688 0.042175 0.065613
8 0.416504 0.428955 0.079712 0.082825
8 0.350830 0.429688 0.060944 0.071899
8 0.910156 0.431152 0.070312 0.109375
8 0.969727 0.431152 0.060944 0.109375
8 0.833496 0.432129 0.082825 0.101562
8 0.467285 0.440674 0.049988 0.062500
8 0.198486 0.567383 0.081238 0.115601
8 0.034363 0.568848 0.068726 0.099976
8 0.111694 0.571777 0.079712 0.099976
8 0.305420 0.575195 0.085938 0.115601
8 0.575684 0.578125 0.082825 0.103149
8 0.372559 0.580566 0.076538 0.110962
8 0.451660 0.583008 0.090637 0.112488
8 0.643555 0.584961 0.068726 0.098450
8 0.709961 0.584961 0.079712 0.104675
8 0.770508 0.590820 0.075012 0.099976
8 0.817383 0.592773 0.043762 0.098450
8 0.878906 0.596680 0.082825 0.103149
8 0.938477 0.598633 0.054688 0.103149
8 0.973633 0.600586 0.053131 0.098450
8 0.040619 0.743652 0.078125 0.093750
8 0.095337 0.743652 0.084351 0.096863
8 0.299316 0.744629 0.085938 0.107788
8 0.168701 0.750000 0.068726 0.090637
8 0.368652 0.752441 0.068726 0.098450
8 0.232056 0.752441 0.076538 0.085938
8 0.575195 0.754883 0.078125 0.093750
8 0.640625 0.757812 0.071899 0.093750
8 0.778809 0.760742 0.085938 0.099976
8 0.707031 0.760742 0.070312 0.090637
8 0.944336 0.762695 0.079712 0.103149
8 0.437500 0.762695 0.075012 0.078125
8 0.829590 0.765625 0.046875 0.087524
8 0.877441 0.768555 0.060944 0.090637
8 0.985352 0.772461 0.029694 0.085938
8 0.564941 0.877930 0.082825 0.053131
8 0.641602 0.884277 0.070312 0.046875
8 0.847656 0.885742 0.082825 0.040619
8 0.239868 0.885742 0.082825 0.040619
8 0.032043 0.885254 0.064087 0.035950
8 0.772461 0.887695 0.073425 0.037506
8 0.932129 0.888184 0.089050 0.039062
8 0.167969 0.889160 0.070312 0.034363
8 0.714844 0.891602 0.082825 0.032806
8 0.094543 0.891602 0.082825 0.029694
8 0.404785 0.098450 0.075012 0.046875